48 46 1286
0 0 0 0 0 0 0 0 0 0 0 1 0 0 0 0 0 0 0 0 0 1 0 1 0 0 0 0 0 1 0 0 0 0 0 0 0 0 0 0 0 0 1 0 0 0
0 0 0 0 0 0 0 0 0 0 0 1 0 0 0 0 0 0 0 0 0 0 1 0 0 0 0 1 1 0 0 0 0 0 0 0 0 0 0 0 0 0 0 1 0 0
0 0 0 0 0 0 0 0 0 1 1 0 0 0 0 0 0 0 0 0 0 0 0 0 0 0 1 0 1 1 0 0 0 0 0 0 0 0 0 0 0 0 0 1 0 0
0 0 0 0 0 0 0 0 0 0 1 0 0 0 0 0 0 0 0 0 0 0 0 0 0 0 1 1 1 0 1 1 1 0 0 0 0 0 0 0 0 0 1 0 0 0
0 0 0 0 0 0 0 0 0 0 1 0 0 0 0 0 0 0 0 0 0 0 0 0 0 1 0 1 1 0 0 0 0 1 0 0 0 0 0 0 0 0 0 1 0 0
0 0 0 0 0 0 0 0 0 0 1 0 0 0 0 0 0 0 0 0 0 0 0 0 0 0 1 0 0 0 0 1 1 0 0 0 0 0 0 1 1 1 1 1 0 0
0 0 0 0 0 0 0 0 0 0 1 1 0 0 0 0 0 0 0 0 0 0 0 0 0 0 0 1 1 0 0 0 1 0 0 0 0 0 1 0 0 0 0 0 0 0
0 0 0 0 0 0 0 0 0 0 0 0 1 0 0 0 0 0 0 0 0 0 0 1 0 0 0 0 1 0 0 0 0 1 0 0 0 1 0 0 0 0 0 0 0 0
0 0 0 0 0 0 0 0 0 0 0 1 0 0 0 0 0 0 1 0 0 0 1 0 1 1 1 1 1 0 0 0 0 0 1 1 1 1 0 0 0 0 0 0 0 0
0 0 0 0 0 0 0 0 0 1 1 0 0 0 0 0 0 1 0 1 0 0 1 0 0 0 1 0 0 1 0 0 0 0 0 0 0 0 0 0 0 0 0 0 0 0
0 0 0 0 0 0 0 0 0 0 1 0 0 0 0 1 1 0 1 1 1 0 1 0 1 0 1 0 0 1 0 0 0 0 0 0 0 0 0 0 0 0 0 0 0 0
0 0 0 0 0 0 0 0 0 0 1 1 0 0 1 0 1 1 1 0 0 1 1 1 0 1 1 0 1 0 0 0 0 0 0 0 0 0 0 0 0 0 0 0 0 0
0 0 0 0 0 0 0 0 0 1 0 0 1 1 0 0 1 0 0 0 0 1 0 0 1 0 0 1 0 0 0 0 0 0 0 0 0 0 0 0 0 0 0 0 0 0
0 0 0 0 0 0 0 0 1 0 1 1 1 0 1 1 0 0 0 0 0 0 0 0 0 1 1 0 1 0 0 0 0 0 0 0 0 0 0 0 0 0 0 0 0 0
0 0 0 0 0 0 0 0 0 1 0 0 1 0 1 1 1 1 0 0 0 0 0 0 0 0 0 0 0 1 0 0 0 0 0 0 0 0 0 0 0 0 0 0 0 0
0 0 0 0 0 0 0 0 1 0 0 1 1 1 0 1 0 0 0 0 0 0 0 0 0 0 0 0 0 1 0 0 0 0 0 0 0 0 0 0 0 0 0 0 0 0
0 0 0 0 0 0 0 1 0 0 1 0 1 0 1 0 0 0 0 0 0 0 0 0 0 0 0 0 1 0 0 0 0 0 0 0 0 0 0 0 0 0 0 0 0 0
0 0 0 0 0 0 0 1 0 0 0 1 0 0 0 0 0 0 0 0 0 0 1 1 1 1 1 1 0 0 0 0 0 0 0 0 0 0 0 0 0 0 0 0 0 0
0 0 0 0 1 1 1 0 0 0 0 0 0 0 0 0 0 1 0 0 0 1 0 0 0 0 0 0 0 0 0 0 0 0 0 0 0 0 0 0 0 0 0 0 0 0
0 0 0 0 1 0 1 0 0 1 1 1 1 0 0 0 1 0 1 0 0 0 1 0 0 0 0 0 0 0 0 0 0 0 0 0 0 0 0 0 0 0 0 0 0 0
1 0 0 0 1 0 1 1 1 0 0 0 0 1 1 0 0 1 0 0 0 0 0 1 0 0 0 0 0 0 0 0 0 0 0 0 0 0 0 0 0 0 0 0 0 0
0 1 0 0 1 1 0 0 0 0 1 1 1 0 0 1 0 0 0 0 0 0 1 0 0 0 0 0 0 0 0 0 0 0 0 0 0 0 0 0 0 0 0 0 0 0
1 0 0 1 0 0 1 0 0 0 1 1 0 0 0 1 0 0 0 0 0 0 1 0 0 0 0 0 0 0 0 0 0 0 0 0 0 0 0 0 0 0 0 0 0 0
0 1 1 0 0 0 0 1 1 1 0 0 1 0 0 1 0 0 0 0 0 0 0 1 0 0 0 0 0 0 0 0 0 0 0 0 0 0 0 0 0 0 0 0 0 0
0 0 0 0 0 0 0 0 0 0 0 0 1 1 0 0 1 1 1 1 0 0 0 1 0 0 0 0 0 0 0 0 0 0 0 0 0 0 0 0 0 0 0 0 0 0
0 0 0 0 0 0 0 0 0 0 0 1 0 0 0 0 0 0 0 0 1 0 1 0 0 0 0 0 0 0 0 0 0 0 0 0 0 0 0 0 0 0 0 0 0 0
0 0 0 0 0 0 0 0 0 0 1 0 0 0 0 0 0 0 0 0 0 1 1 1 0 0 0 0 0 0 0 0 0 0 0 0 0 0 0 0 0 0 0 0 0 0
0 0 0 0 0 0 0 0 0 0 1 0 1 1 0 0 0 0 0 0 0 0 0 0 0 0 0 0 0 0 0 0 0 0 0 0 0 0 0 0 0 0 0 0 0 0
0 0 0 0 0 0 0 0 0 0 0 1 0 1 0 0 0 0 0 0 0 0 0 0 0 0 0 0 0 0 0 0 0 0 0 0 0 0 0 0 0 0 0 0 0 0
0 0 0 0 0 0 0 0 0 0 0 0 1 0 0 0 0 0 0 0 0 0 0 0 0 0 0 0 0 0 0 0 0 0 0 0 0 0 0 0 0 0 0 0 0 0
0 0 0 0 0 0 0 0 0 0 0 0 1 0 0 0 0 0 0 0 0 0 0 0 0 0 0 0 0 0 0 0 0 0 0 0 0 0 0 0 0 0 0 0 0 0
0 0 0 0 0 0 0 0 0 0 0 0 1 0 0 0 0 0 0 0 0 0 0 0 0 0 0 0 0 0 0 0 0 0 0 0 0 0 0 0 0 0 0 0 0 0
0 0 0 0 0 0 0 0 0 0 0 0 0 1 0 0 0 0 0 0 0 0 0 0 0 0 0 0 0 0 0 0 0 0 0 0 0 0 0 0 0 0 0 0 0 0
0 0 0 0 0 0 0 0 1 0 0 0 0 0 1 0 0 0 0 0 0 0 0 0 0 0 0 0 0 0 0 0 0 0 0 0 1 1 0 0 0 0 1 1 0 0
0 0 0 0 0 0 0 1 0 1 0 0 1 1 1 0 0 0 0 0 0 0 0 0 0 0 0 0 0 0 0 0 0 0 0 1 0 1 0 0 0 0 1 1 0 0
0 0 0 0 1 0 0 0 1 0 0 1 0 0 0 0 0 0 0 0 0 0 0 0 0 0 0 0 0 0 0 0 0 0 0 1 0 0 1 0 1 1 0 1 0 0
1 0 0 1 0 1 1 0 1 0 1 1 1 0 0 0 0 0 0 0 0 0 0 0 0 0 0 0 0 0 0 0 0 0 0 1 0 0 1 0 1 0 0 1 0 0
0 1 0 0 1 1 0 1 0 1 0 0 0 0 0 0 0 0 0 0 0 0 0 0 0 0 0 0 0 0 0 0 0 1 0 1 0 0 1 0 1 0 0 0 1 1
0 1 0 0 1 1 1 1 0 0 0 0 0 0 0 0 0 0 0 0 0 0 0 0 0 0 0 0 0 0 0 0 0 1 1 0 0 0 0 1 0 0 0 0 0 0
0 1 0 1 0 0 0 0 0 0 0 0 0 0 0 0 0 0 0 0 0 0 0 0 0 0 0 0 0 0 0 0 0 1 0 0 0 0 0 0 0 0 0 0 0 0
0 1 0 0 1 0 0 0 0 0 0 0 0 0 0 0 0 0 0 0 0 0 0 0 0 0 0 0 0 0 0 0 0 0 1 0 0 0 0 0 0 0 0 0 0 0
0 0 1 1 1 0 0 0 0 0 0 0 0 0 0 0 0 0 0 0 0 0 0 0 0 0 0 0 0 0 0 0 0 1 0 0 0 0 0 0 1 0 0 0 0 0
0 0 1 0 0 0 0 0 0 0 0 0 0 0 0 0 0 0 0 0 0 0 0 0 0 0 0 0 0 0 0 0 0 1 0 0 0 1 0 1 0 1 0 0 0 0
0 0 0 0 0 0 0 0 0 0 0 0 0 0 0 0 0 0 0 0 0 0 0 0 0 0 0 0 0 0 0 0 0 1 0 0 1 0 1 0 1 0 0 0 0 0
0 0 0 0 0 0 0 0 0 0 0 0 0 0 0 0 0 0 0 0 0 0 0 0 0 0 0 0 0 0 0 0 0 0 1 0 0 1 0 0 0 0 0 0 0 0
0 0 0 0 0 0 0 0 0 0 0 0 0 0 0 0 0 0 0 0 0 0 0 0 0 0 0 0 0 0 0 0 0 0 1 0 0 0 0 0 0 0 0 0 0 0
0 0 0 0 0 0 0 0 0 0 0 0 0 0 0 0 0 0 0 0 0 0 0 0 0 0 0 0 0 0 0 0 0 0 1 0 0 0 0 0 1 0 0 0 0 0
0 0 0 0 0 0 0 0 0 0 0 0 0 0 0 0 0 0 0 0 0 0 0 0 0 0 0 0 0 0 0 0 0 0 0 1 0 0 0 1 0 1 0 0 0 0
0 0 0 0 0 0 0 0 0 0 0 0 0 0 0 1 0 0 0 0 0 0 0 0 0 0 1 0 0 0 0 1 1 0 1 0 0 0 0 0 0 0 1 0 0 0
0 0 0 0 0 0 0 0 0 0 0 0 0 0 1 1 0 0 0 0 0 0 0 0 0 0 0 1 0 1 1 0 0 1 0 0 0 0 0 0 0 1 0 0 0 0
0 0 0 0 0 0 0 1 1 1 1 1 1 0 1 0 1 0 0 0 0 0 0 0 0 0 0 0 1 1 0 0 0 0 0 0 0 0 0 0 0 0 1 1 1 1
0 0 0 0 0 0 0 0 1 0 0 0 0 1 1 0 0 1 0 0 0 0 0 1 1 1 0 0 0 1 0 0 0 0 0 0 0 0 0 0 0 0 0 0 0 0
0 0 0 0 0 0 0 1 0 0 0 0 1 0 1 0 1 1 0 0 0 0 1 0 0 0 1 0 0 1 1 0 1 0 0 0 0 0 0 0 0 0 0 0 0 0
0 0 0 0 0 0 0 1 0 0 0 0 1 1 0 0 0 0 1 0 0 0 0 1 1 0 1 0 1 0 0 1 0 1 0 0 0 0 0 0 0 0 0 0 1 0
0 0 0 0 0 0 0 1 0 0 0 0 1 0 0 0 0 0 1 0 0 0 0 0 1 0 1 0 1 0 0 1 1 0 0 0 0 0 0 0 0 1 1 1 0 1
0 0 0 0 0 0 0 1 1 1 0 0 1 1 1 0 0 1 0 1 0 1 1 1 1 1 1 1 1 0 0 1 0 0 0 1 0 0 0 0 1 0 0 1 1 0
0 0 0 1 1 1 1 0 0 1 0 1 0 0 1 0 1 0 0 1 1 0 0 0 0 1 0 0 0 0 0 0 1 0 1 0 1 0 0 0 1 0 0 0 0 0
1 1 1 0 1 0 1 0 0 0 1 0 1 1 1 0 0 1 1 1 0 1 1 0 0 1 0 0 0 0 1 1 0 1 0 0 0 1 0 1 1 1 1 0 0 0
1 1 0 0 1 1 0 0 0 0 0 1 0 0 1 1 1 0 0 0 0 0 1 0 0 0 0 0 0 0 1 0 1 0 1 1 1 0 1 0 0 0 0 0 0 0
0 1 1 0 0 1 1 1 1 1 1 1 0 0 1 0 1 0 0 0 1 1 1 0 0 0 0 0 0 0 1 1 1 1 0 0 1 0 1 0 0 1 1 0 1 1
1 0 0 1 1 0 0 0 1 0 0 1 0 0 0 0 0 1 0 1 0 0 0 0 1 0 0 1 0 0 1 0 1 0 0 0 1 1 0 1 1 0 1 0 1 0
0 1 1 0 0 0 0 0 0 1 1 1 0 1 1 1 1 0 1 1 0 0 0 0 1 1 1 1 1 1 0 0 1 0 0 0 0 1 1 0 0 0 0 1 0 0
0 0 0 1 0 0 0 0 0 0 1 1 1 0 1 0 0 0 0 0 1 1 1 0 1 0 1 0 1 0 0 0 1 0 0 0 0 0 1 0 0 0 0 0 0 0
1 1 1 0 0 0 0 0 0 1 0 1 0 1 1 0 0 1 0 0 0 1 0 1 0 1 0 1 0 0 0 0 0 1 1 1 0 0 1 0 0 0 0 0 0 0
0 1 0 0 0 0 0 0 0 1 1 0 0 0 0 1 1 0 1 0 1 0 1 0 0 0 1 1 0 0 0 0 0 0 0 0 1 1 0 0 0 0 0 0 0 0
0 1 0 0 0 0 0 0 0 1 0 1 0 0 1 0 1 0 1 1 0 1 0 1 0 1 0 0 1 0 0 0 0 0 0 0 0 1 0 0 0 0 0 0 0 0
0 1 0 0 0 0 0 0 1 0 0 1 0 0 0 1 0 0 1 1 0 0 1 0 0 0 1 1 0 0 0 0 0 0 0 0 1 0 1 1 0 0 0 0 0 0
0 0 1 0 0 0 0 1 0 1 0 0 1 0 0 0 0 1 1 1 0 0 0 1 1 0 1 0 0 0 0 0 0 0 0 0 0 1 0 1 0 0 0 0 0 0
1 1 0 0 0 0 0 1 0 0 1 1 1 0 0 0 0 1 0 0 0 0 1 0 0 1 0 1 1 1 0 0 0 0 0 0 0 0 0 1 1 0 0 0 0 0
0 0 0 1 0 1 0 1 0 0 0 0 0 1 0 0 0 0 0 0 0 0 1 0 0 1 0 0 0 1 0 0 0 0 0 0 0 1 1 0 0 0 0 0 0 0
0 1 1 0 1 0 1 0 0 0 0 0 0 1 0 0 0 0 0 0 0 0 1 0 1 1 1 1 1 0 0 0 0 0 0 0 1 0 1 0 0 0 0 0 0 0
1 0 0 1 1 0 1 0 0 0 0 0 1 0 0 0 0 0 0 0 0 1 0 0 0 0 0 0 0 1 0 0 0 1 0 0 1 0 1 0 0 0 0 0 0 0
0 1 1 0 0 1 0 1 1 1 1 1 0 1 0 0 0 0 0 0 0 1 0 0 0 0 0 0 0 1 0 0 1 0 1 1 1 1 0 0 0 0 0 0 0 0
0 1 0 0 1 0 0 0 0 0 1 0 1 0 1 0 0 0 0 0 1 1 1 0 0 0 0 0 0 1 0 1 1 1 1 0 0 1 0 0 0 0 0 0 0 0
0 0 1 1 0 0 0 0 0 0 0 1 1 0 1 0 1 0 0 1 0 0 1 0 0 0 0 0 0 1 1 0 0 1 1 1 1 0 0 0 0 0 0 0 0 0
0 0 1 0 1 0 0 0 0 0 1 0 0 1 1 1 0 1 0 0 1 1 1 0 0 0 0 0 0 1 0 0 0 1 0 0 0 0 0 0 0 0 1 0 1 1
0 0 0 1 0 0 0 0 0 1 0 1 1 0 1 0 1 1 1 1 1 0 0 0 0 0 0 1 1 1 0 0 0 0 1 1 1 0 0 1 1 1 0 1 0 0
0 0 0 1 0 0 0 0 0 0 1 0 0 1 1 0 1 0 0 0 1 1 0 0 0 0 0 1 0 1 0 0 0 0 0 1 0 1 0 1 0 1 0 1 0 0
0 0 0 1 0 0 0 0 0 0 0 0 0 0 0 1 0 0 0 1 0 1 1 1 0 1 1 1 0 0 1 0 1 1 1 0 1 1 1 0 0 1 1 0 1 1
0 0 0 1 0 0 1 0 0 0 0 0 0 1 1 0 1 0 0 0 1 0 0 0 1 0 1 0 1 0 0 1 0 0 0 1 0 0 0 1 1 0 1 1 1 1
0 0 0 1 1 1 0 1 0 1 1 0 1 0 0 1 0 1 0 0 0 0 0 0 0 0 1 0 1 1 1 0 1 0 0 0 0 0 1 0 0 1 0 0 0 0
0 0 1 0 0 0 1 0 1 0 0 1 0 0 0 1 1 0 0 0 0 0 0 0 0 0 0 1 0 1 0 1 0 0 0 0 0 0 1 0 0 0 1 0 1 1
0 0 0 1 1 1 0 0 0 1 1 0 1 0 0 1 0 0 0 0 0 0 0 0 0 0 0 0 1 0 0 1 1 0 0 0 0 0 0 1 1 1 0 1 0 0
0 0 0 0 0 1 1 1 1 0 0 1 1 1 1 0 0 0 1 0 0 0 0 0 0 0 0 0 0 1 0 1 0 1 1 0 1 0 0 1 0 0 0 0 0 0
0 0 0 1 1 0 1 0 1 0 1 0 1 0 0 0 0 1 0 1 0 0 0 0 0 0 0 1 0 1 0 1 1 0 0 1 0 1 0 1 0 0 0 0 0 1
0 0 0 0 1 1 0 0 1 1 0 1 1 1 1 0 0 0 1 0 0 0 0 0 0 0 1 0 1 1 1 1 0 0 1 0 1 0 1 0 0 0 0 0 1 0
1 1 1 1 1 0 0 0 0 0 1 0 0 0 0 1 0 0 0 0 0 0 0 0 0 0 1 0 1 0 1 0 1 1 0 1 0 1 0 1 1 1 1 1 0 0
1 0 1 0 0 1 1 1 0 1 0 0 0 0 0 0 1 0 0 0 0 0 0 0 0 0 0 1 1 0 0 1 0 0 1 1 0 0 0 1 0 1 1 0 0 0
0 1 0 0 0 0 0 0 1 0 0 0 0 0 0 0 0 1 0 0 0 0 0 0 0 0 1 0 0 1 0 0 1 1 0 0 1 1 0 1 1 0 0 0 0 0
0 1 0 0 0 0 0 0 0 0 0 0 0 0 0 0 1 1 0 0 0 0 0 0 0 1 1 1 1 0 1 1 0 1 0 0 1 0 1 0 1 0 0 0 0 0
1 0 0 1 1 0 0 0 0 0 0 0 0 1 0 0 1 0 1 0 0 0 0 0 1 0 0 1 1 1 1 1 0 0 0 0 1 1 0 0 1 0 0 0 0 0
0 1 1 0 0 1 0 0 0 0 0 0 0 1 1 1 0 1 1 1 1 0 0 1 0 1 0 1 1 1 0 0 0 0 0 1 0 0 1 1 0 0 0 0 0 0
0 0 1 0 0 1 1 1 0 1 0 0 0 0 0 0 1 0 1 0 0 1 1 1 1 0 1 0 0 0 1 0 0 0 0 0 1 0 0 0 0 0 0 0 0 0
0 0 0 0 0 0 0 0 1 0 1 0 0 0 0 0 0 1 0 1 0 0 1 0 1 1 0 0 0 0 1 1 1 0 0 0 0 1 0 0 0 0 0 0 0 0
0 0 0 0 0 1 1 0 1 1 1 0 0 0 0 0 1 0 1 1 0 0 1 0 1 0 0 0 0 1 0 0 0 0 0 0 0 0 1 0 0 0 0 0 0 0
0 0 0 1 1 0 0 1 0 1 0 1 0 0 0 0 1 0 1 1 0 0 1 0 0 0 0 0 0 1 0 0 0 0 0 0 0 1 0 0 0 0 0 0 0 0
27 16
43 19
30 22
36 38
1 29
27 12
43 23
15 33
35 32
48 18
4 7
38 38
16 41
14 4
15 37
23 9
15 27
31 16
2 19
30 31
37 25
31 43
29 14
43 39
41 46
27 35
15 1
7 39
10 25
29 16
40 17
20 12
48 32
5 30
12 13
14 26
31 3
32 4
38 5
30 3
13 43
31 7
47 42
4 27
30 34
3 46
42 6
9 28
2 45
33 46
12 42
24 8
34 23
6 15
2 27
37 8
4 25
47 28
43 7
1 17
5 14
13 15
29 27
19 40
21 10
32 25
46 31
1 19
29 18
16 29
48 36
43 12
32 41
45 32
26 44
40 38
13 16
13 5
5 28
16 44
19 11
6 20
13 22
32 6
2 23
14 25
20 43
9 8
39 28
25 1
15 6
20 26
26 45
4 30
13 10
3 43
16 43
16 14
5 15
43 1
19 22
7 20
10 8
22 4
27 13
1 15
28 26
36 26
25 16
33 40
12 43
2 29
3 40
48 8
27 29
28 7
39 30
9 38
30 7
28 34
13 26
6 26
22 5
28 2
33 29
26 34
24 23
46 25
18 16
45 30
25 2
30 13
19 6
28 42
39 18
35 45
24 13
14 18
41 22
36 15
19 37
8 13
35 31
18 44
25 37
27 41
42 30
22 21
34 35
5 21
32 23
26 5
44 41
9 20
26 18
35 25
18 11
10 31
23 7
16 24
30 45
46 46
4 37
40 21
27 11
47 32
14 39
23 18
15 16
46 29
24 5
5 40
25 8
17 44
15 46
35 9
29 1
34 2
9 30
35 37
27 8
44 34
28 13
32 36
5 25
7 40
39 4
27 7
38 37
23 43
44 4
3 13
9 2
16 9
7 37
4 36
38 1
17 15
19 2
29 15
19 3
22 36
13 13
40 37
18 22
39 1
27 42
18 25
25 41
11 22
6 1
41 45
13 31
38 45
14 23
35 30
6 22
20 28
46 14
11 21
39 43
13 45
30 27
12 24
15 12
2 38
28 12
1 3
11 17
26 29
20 6
34 30
11 19
46 45
30 32
47 9
9 27
14 37
27 18
19 8
1 2
26 39
45 42
23 16
14 2
29 29
13 29
45 35
24 37
2 36
18 13
11 27
20 1
21 26
1 23
31 15
13 24
40 30
11 29
21 17
41 41
18 14
35 34
31 6
36 43
26 10
30 40
43 43
22 46
13 18
1 14
21 46
33 4
44 22
27 34
46 21
21 44
47 27
9 46
12 35
13 1
22 3
11 7
11 9
6 25
37 15
9 15
44 38
19 18
27 15
7 26
34 37
48 7
44 21
6 34
11 42
11 3
22 39
45 28
25 33
10 2
37 31
7 12
32 34
7 22
5 38
3 17
37 21
15 21
29 22
19 42
6 41
14 43
17 9
26 27
2 39
16 26
43 17
32 39
12 30
26 37
10 39
47 26
45 6
3 22
37 18
21 11
19 5
18 42
11 40
35 7
23 6
33 30
13 19
24 11
31 17
48 37
10 46
1 11
40 4
8 24
29 8
14 15
15 20
24 39
8 16
21 32
19 44
28 25
22 28
17 24
5 35
40 18
6 42
31 8
47 10
7 25
29 38
17 28
4 33
33 25
11 34
2 14
18 46
22 42
10 37
10 20
14 44
44 31
27 28
34 39
43 15
25 43
6 32
44 10
25 46
41 34
24 38
22 17
38 41
4 31
9 5
2 2
19 32
24 18
25 39
13 30
46 4
2 21
28 5
31 24
27 4
4 22
41 14
28 23
20 34
30 18
4 35
41 11
23 24
14 12
42 45
11 35
41 12
31 22
12 8
2 43
13 32
42 35
43 21
26 22
38 20
17 40
19 30
13 3
17 31
3 29
43 13
35 16
20 36
3 9
17 39
26 42
41 24
9 35
35 44
8 31
8 20
4 3
43 46
23 1
11 13
12 3
17 21
37 38
21 1
20 39
25 11
21 30
9 41
40 24
36 7
18 23
16 34
10 1
48 10
43 33
38 16
7 38
42 42
43 16
35 42
29 9
9 22
7 31
26 43
35 3
15 43
35 4
7 3
32 18
5 34
9 24
1 21
9 9
30 39
8 39
25 26
20 20
46 1
43 5
5 26
39 24
32 3
29 46
39 32
47 6
29 34
8 17
42 24
9 6
15 4
36 24
17 37
6 30
39 10
5 31
46 39
43 29
12 37
29 24
34 40
23 32
48 23
31 23
15 31
5 46
35 27
36 33
47 1
18 8
48 12
45 31
16 35
42 41
38 21
7 23
24 20
25 24
38 7
35 24
19 20
21 8
39 37
21 29
17 14
48 41
36 10
4 19
33 37
38 28
23 15
12 32
39 25
15 3
18 24
22 34
12 41
12 14
3 32
14 38
46 24
10 34
42 12
30 28
10 7
5 8
40 41
14 27
11 18
44 16
10 11
46 15
17 6
15 15
6 24
37 44
28 28
12 44
29 32
40 46
31 42
3 45
43 11
30 8
17 7
20 4
20 2
18 38
2 37
10 14
1 38
3 7
34 12
31 36
32 27
38 9
6 2
1 31
21 38
22 38
6 21
25 44
6 11
40 23
47 12
3 18
17 10
20 21
27 9
28 6
38 14
4 1
8 32
47 40
48 14
9 37
8 11
47 39
13 17
43 42
16 2
3 5
11 8
42 17
48 34
33 34
4 44
40 10
11 6
8 14
5 7
33 27
23 40
47 38
29 44
33 14
20 17
30 1
18 26
14 46
41 5
17 32
31 12
12 12
21 33
47 35
17 35
32 11
39 13
21 23
14 30
48 45
47 25
43 41
35 18
20 22
34 29
18 12
10 13
37 40
40 8
38 46
29 2
37 29
6 13
43 8
6 8
35 13
17 5
14 3
5 3
46 35
16 7
18 34
44 13
27 25
22 14
44 25
26 31
5 5
32 29
17 16
31 28
28 30
21 31
37 27
8 10
21 40
18 19
7 1
24 4
27 21
7 21
46 32
5 1
37 4
24 10
33 41
6 10
2 8
12 7
48 27
31 34
8 9
15 11
8 28
40 44
24 15
37 11
46 34
18 17
13 20
2 40
25 12
43 37
19 33
11 44
23 27
42 32
4 34
17 2
37 24
24 22
45 9
21 25
28 41
35 38
42 28
29 17
36 44
21 22
25 19
19 9
19 21
2 9
11 33
37 13
2 46
44 18
14 42
11 15
20 24
33 24
10 6
19 46
24 21
12 39
34 18
8 5
15 45
37 36
18 9
27 37
11 37
43 30
20 14
26 32
43 20
43 14
15 17
39 16
24 35
2 13
20 37
18 30
31 41
4 6
2 3
29 11
15 5
8 21
40 13
34 7
11 46
46 23
20 11
14 13
10 10
18 43
15 22
16 11
30 37
39 44
23 35
27 45
25 13
28 14
33 38
48 1
47 45
20 33
24 43
44 44
20 15
7 33
32 31
20 29
43 22
17 38
14 6
23 8
40 29
42 3
44 12
39 45
30 43
21 36
20 3
29 36
45 43
45 7
11 10
31 29
34 25
47 33
46 30
3 35
35 21
44 17
41 36
31 38
44 20
42 22
20 27
18 6
12 9
10 43
15 24
29 31
34 13
20 10
48 46
35 14
14 14
3 16
16 20
18 7
6 9
39 20
46 13
46 17
47 18
34 22
6 31
38 40
11 25
10 32
21 6
45 46
36 12
9 18
9 7
35 28
31 20
29 3
42 8
41 30
33 42
31 2
41 3
42 18
39 27
4 23
24 14
34 38
3 6
46 2
37 6
15 30
23 37
42 27
18 31
7 32
15 18
3 36
28 16
8 29
24 24
33 2
19 27
34 46
45 39
35 11
48 4
36 29
28 40
22 11
10 9
32 12
45 37
19 17
39 34
41 39
10 24
46 3
32 19
21 19
16 23
7 15
33 32
41 2
46 42
4 26
2 4
45 3
36 6
32 16
1 18
12 19
6 7
28 39
8 34
28 11
36 19
24 29
37 19
41 25
48 19
35 26
45 36
27 20
15 23
43 26
25 34
35 5
45 18
45 23
47 7
37 39
7 36
43 28
23 30
41 6
14 21
42 20
44 1
7 29
41 28
6 17
26 26
20 38
2 41
10 41
2 12
34 16
32 45
21 14
23 13
29 10
36 45
19 1
45 1
45 12
1 26
32 38
8 45
23 44
38 43
48 20
22 10
6 45
28 46
21 4
40 36
18 28
12 15
39 17
17 17
6 12
16 36
4 14
15 8
46 37
20 31
27 43
19 24
40 34
5 11
48 17
23 14
9 21
20 9
7 42
14 5
19 38
45 29
22 13
30 17
35 23
20 16
30 24
14 35
38 22
47 22
30 25
27 19
27 24
18 5
16 15
19 41
3 34
10 16
42 13
2 30
45 10
25 27
13 27
38 30
42 44
37 5
3 4
46 36
42 1
44 19
15 2
16 6
18 10
25 5
43 34
40 42
46 18
1 45
1 33
18 35
32 35
36 27
26 13
45 21
16 28
24 17
15 13
14 8
45 44
42 19
25 15
24 33
4 16
24 44
31 40
37 42
22 40
40 1
34 27
25 9
46 12
25 29
12 31
29 13
38 36
1 7
47 20
41 38
34 41
38 23
5 2
48 6
6 35
32 44
33 13
35 22
31 5
7 28
11 39
36 42
11 5
23 28
16 38
34 14
45 15
33 15
16 18
10 38
9 26
13 14
30 6
22 7
39 46
47 11
26 8
34 15
13 41
40 11
3 11
36 46
1 42
3 25
15 29
47 4
47 43
15 32
36 14
40 20
8 26
4 13
13 40
33 39
22 26
8 42
36 34
42 7
10 45
43 3
2 25
48 30
18 45
43 27
39 9
48 21
8 12
46 19
9 40
40 9
40 26
27 36
48 31
42 33
25 35
22 27
31 18
40 15
41 37
14 34
36 31
5 19
44 39
27 40
21 20
31 14
25 45
26 16
41 33
14 24
44 23
44 33
34 33
2 34
46 9
48 24
39 26
34 44
42 38
21 28
18 2
4 45
31 37
37 41
19 36
8 40
41 32
5 10
45 45
4 41
45 11
34 32
36 2
14 9
34 8
7 34
3 26
22 33
19 14
41 13
7 19
44 28
9 39
27 14
28 21
19 39
39 5
40 19
13 4
33 18
10 42
31 11
11 12
25 32
45 24
46 11
24 40
12 10
8 19
29 45
47 15
12 33
8 44
13 39
20 7
40 7
16 45
24 6
1 4
25 7
44 3
8 3
17 46
26 41
1 35
36 4
42 4
7 30
8 18
28 37
13 9
41 26
32 40
5 37
34 1
18 33
7 24
40 43
1 5
17 11
23 39
12 45
12 4
1 28
29 19
3 24
16 8
38 17
18 20
36 17
42 9
36 32
21 18
11 1
46 41
27 2
40 40
4 8
6 40
5 24
35 1
44 8
44 5
42 2
14 36
41 43
40 25
43 9
7 6
21 35
5 33
42 46
19 19
10 27
5 39
3 30
9 12
10 23
15 35
4 38
10 22
6 44
32 42
30 11
13 33
20 8
48 43
22 1
27 17
43 4
31 31
37 1
21 34
28 29
32 24
47 29
41 42
33 8
48 3
42 16
45 41
12 28
41 8
26 14
38 35
33 33
44 15
19 43
42 37
34 28
25 31
22 20
41 15
28 38
25 10
27 33
4 43
48 26
20 42
12 11
9 31
9 16
33 16
36 37
33 44
2 31
11 45
22 30
12 36
35 41
37 37
4 24
21 24
33 6
37 14
35 46
12 46
34 42
26 6
17 26
1 24
43 44
35 40
