46 45 1366
0 0 0 0 0 1 0 0 0 0 0 0 0 0 0 0 0 0 0 0 0 1 0 0 0 0 0 0 0 0 1 0 0 0 0 0 0 0 0 0 0 0 1 0 0
0 0 0 0 0 1 1 1 1 0 0 0 0 0 0 0 0 0 1 0 0 1 0 0 0 0 0 0 0 0 0 1 0 0 0 0 0 0 0 0 0 0 1 1 0
0 0 0 0 0 1 0 0 0 1 0 0 0 0 0 0 0 1 0 1 0 1 1 0 0 1 0 0 0 0 0 1 0 0 0 0 0 0 0 0 0 1 0 1 1
0 0 0 0 0 0 0 1 1 0 1 0 0 0 0 0 0 0 1 1 1 0 1 0 1 1 0 0 0 1 1 0 1 0 0 0 0 0 0 0 1 1 1 0 0
0 0 0 0 0 1 1 0 0 1 0 0 0 0 0 0 0 0 0 1 0 0 0 1 0 1 0 0 0 1 0 1 0 1 0 0 0 0 0 1 0 0 1 1 1
0 0 0 0 0 0 0 1 0 1 1 0 0 0 1 1 1 1 1 0 0 0 0 0 1 0 1 1 1 0 0 0 1 1 0 0 0 0 0 0 1 0 1 0 0
0 0 0 0 0 0 0 1 1 0 0 1 1 1 0 0 0 1 0 1 1 0 0 0 0 1 1 0 1 0 0 0 0 0 1 0 0 0 0 0 0 1 0 1 1
0 0 0 0 0 0 0 1 0 1 1 1 0 1 0 0 1 0 1 0 0 1 0 0 1 1 0 1 1 1 1 1 0 0 1 0 0 0 0 0 0 0 0 1 0
0 0 0 0 0 0 0 1 0 1 1 0 1 0 0 0 0 1 0 1 0 0 1 0 1 0 1 0 1 0 0 0 1 1 0 0 0 0 0 0 0 0 0 0 1
0 0 0 0 0 0 1 1 1 0 1 1 0 1 0 0 0 1 1 0 0 0 0 1 0 0 0 0 1 0 0 0 0 0 1 0 0 0 0 0 0 0 1 1 0
0 0 0 0 0 0 0 0 0 1 0 1 0 1 0 0 0 1 0 0 0 0 0 0 0 0 0 1 0 0 0 0 1 1 1 0 0 0 0 0 0 1 0 0 0
0 0 0 0 0 0 0 0 1 1 1 0 1 1 1 1 1 0 0 0 0 0 0 0 1 1 1 1 0 0 0 0 0 0 0 1 0 0 0 1 0 1 0 0 0
0 0 0 0 0 0 1 1 1 0 0 1 1 0 1 0 0 1 0 0 0 0 0 1 0 0 0 1 1 0 0 0 0 0 0 1 0 0 1 0 1 0 0 0 0
0 0 0 0 0 0 1 0 1 0 1 0 0 1 0 1 1 0 0 0 0 0 0 0 1 1 1 1 0 0 0 0 0 0 1 0 1 0 1 1 0 1 0 0 0
0 0 0 0 0 0 0 1 1 1 0 0 0 0 1 0 1 0 0 0 0 0 0 0 0 0 0 1 0 0 0 0 0 0 1 0 1 0 1 0 1 1 1 0 1
0 0 0 0 0 0 0 0 0 1 0 1 0 0 1 1 0 0 0 0 0 0 0 0 0 0 0 1 0 0 0 0 0 0 1 0 1 0 1 1 0 0 0 1 0
0 0 0 0 0 0 0 0 0 1 1 0 1 0 0 0 1 0 0 0 0 0 0 0 0 0 1 0 0 0 0 0 0 0 0 1 0 1 1 0 0 0 0 0 0
0 0 0 0 0 0 0 0 0 0 0 0 1 0 0 0 1 0 0 0 0 0 0 0 0 0 1 0 0 0 0 0 0 0 0 1 1 0 0 0 0 0 0 0 0
0 0 0 0 0 0 0 0 0 0 0 0 1 1 1 1 0 0 0 0 1 0 0 0 0 1 0 0 0 0 0 0 0 1 1 0 0 0 0 0 0 0 0 0 0
0 0 0 0 0 0 0 0 0 0 0 0 0 0 0 0 1 1 1 1 0 1 0 0 1 1 1 0 0 0 0 0 0 0 1 1 0 0 0 0 0 0 0 0 0
0 0 0 0 0 0 0 1 0 0 0 0 0 0 0 0 0 0 0 0 0 1 1 1 0 0 1 1 1 0 0 0 0 0 0 0 1 0 0 0 0 0 0 0 0
0 0 0 0 0 1 1 1 0 1 1 0 0 1 1 0 0 0 0 0 0 1 0 1 0 0 0 1 1 1 0 0 0 0 1 1 0 1 0 0 0 0 0 0 0
0 0 0 0 1 0 0 1 0 1 0 1 1 0 1 0 0 0 0 1 1 1 0 1 0 0 0 0 0 0 1 1 1 1 1 0 1 0 1 0 0 0 0 0 0
0 0 0 1 0 0 0 0 1 1 1 0 0 1 0 0 0 1 1 0 0 0 1 0 0 0 0 0 0 0 0 0 1 0 0 1 1 0 0 1 0 0 0 1 0
1 0 1 0 0 0 0 0 1 0 0 0 0 0 1 1 0 1 0 0 0 0 0 0 0 0 0 0 0 0 0 0 1 1 0 0 0 0 0 1 0 0 1 0 1
0 1 0 0 0 0 1 0 1 0 0 0 0 0 1 0 1 0 1 0 0 0 0 0 0 0 0 0 0 0 0 1 0 0 0 0 1 0 1 1 0 1 0 0 1
0 0 0 0 0 1 0 1 0 1 0 0 0 1 0 1 0 0 0 1 0 0 0 0 0 0 0 0 0 0 0 1 1 0 0 1 1 0 0 0 1 0 1 0 1
0 0 0 0 0 1 1 0 0 0 1 1 1 1 0 1 0 1 0 1 0 0 0 0 0 0 0 0 0 0 0 1 0 0 1 0 0 1 0 0 1 1 1 0 1
0 0 0 0 0 1 0 1 0 0 0 0 0 0 1 0 1 0 1 1 1 0 0 0 0 0 0 0 0 0 0 1 0 0 1 0 0 1 1 1 0 1 0 1 0
0 0 0 0 0 1 1 0 1 0 0 0 0 0 0 1 0 0 0 0 0 1 0 0 0 0 0 0 0 0 0 1 1 1 0 0 1 0 1 0 1 0 1 1 0
0 0 0 0 0 1 0 1 0 0 0 0 0 0 0 0 1 1 1 0 0 1 0 0 0 0 1 0 0 0 0 0 1 0 1 1 0 1 0 1 0 1 0 1 0
0 0 1 1 1 0 1 1 0 0 0 0 0 1 0 0 0 0 1 1 0 0 1 0 0 0 1 0 0 0 0 0 1 0 1 0 1 0 1 0 1 0 0 0 1
0 0 1 1 0 1 1 0 0 0 0 0 1 0 1 0 0 1 0 0 0 0 0 1 0 0 1 1 0 0 0 0 0 1 1 1 0 1 0 0 1 1 1 1 0
0 0 1 1 0 1 0 1 0 0 0 0 0 1 0 1 1 1 0 0 0 0 0 1 0 0 1 0 1 1 1 1 1 0 0 1 1 0 0 1 0 1 0 0 0
0 1 0 0 1 0 1 0 1 0 0 0 0 0 1 1 0 0 0 0 0 0 0 0 1 1 0 0 0 1 0 1 0 0 1 0 0 0 0 0 1 0 0 0 0
0 1 0 0 0 0 0 1 0 1 0 0 0 0 1 0 0 0 0 0 0 1 0 1 0 0 0 0 0 0 1 1 1 1 0 0 0 0 0 0 0 0 0 0 1
1 0 0 0 0 0 0 0 1 0 0 0 0 0 0 1 0 0 0 0 0 1 1 0 1 0 0 0 0 0 0 1 0 0 1 0 0 0 0 0 0 0 0 1 0
0 0 0 0 0 0 0 1 0 0 0 0 0 0 1 0 1 0 0 0 0 0 0 1 0 0 0 0 0 0 0 0 1 0 1 0 0 0 0 0 0 0 0 1 0
1 0 0 0 0 0 0 0 1 1 0 0 0 1 0 1 0 1 0 0 0 0 0 1 0 0 0 0 0 0 0 1 0 1 0 0 0 0 0 0 0 0 0 0 1
0 1 0 0 0 0 0 1 0 0 0 0 0 1 0 1 0 1 0 0 0 1 0 1 1 0 0 0 0 0 0 1 0 1 0 0 0 0 0 0 0 0 0 0 1
0 1 0 0 0 0 0 1 0 0 0 0 1 0 0 0 1 0 1 1 1 0 1 0 0 1 0 0 0 0 0 1 0 1 1 0 0 0 0 0 0 0 0 1 0
1 0 0 0 0 0 0 1 1 0 0 1 0 0 1 1 0 0 1 0 0 1 0 1 0 1 0 0 0 0 0 0 1 1 0 1 0 0 0 0 0 0 0 1 0
1 1 0 0 0 0 1 0 0 1 1 0 0 0 1 1 0 1 0 1 1 0 1 0 1 0 0 0 0 0 0 1 0 1 1 0 1 0 1 1 0 0 0 1 0
0 0 1 0 0 1 1 1 0 0 0 0 0 0 1 0 1 1 0 0 1 1 0 1 1 1 1 0 0 0 0 1 1 0 0 1 0 1 0 0 1 0 0 0 1
0 1 0 1 1 0 0 1 0 0 0 0 0 0 0 0 0 0 0 0 0 0 1 0 0 0 0 1 0 0 1 0 1 1 1 0 1 0 1 1 0 1 0 0 1
0 1 1 0 0 0 0 0 0 0 0 0 0 0 0 0 0 0 0 0 0 0 1 0 0 0 0 1 0 0 0 1 1 0 1 1 0 1 0 0 0 1 0 1 0
0 0 0 1 1 0 1 0 0 0 0 0 1 0 0 0 1 0 0 0 0 0 0 0 0 0 0 0 0 0 0 1 0 0 0 0 0 0 0 0 0 0 0 0 0
0 0 0 1 0 1 0 0 0 0 0 0 0 1 1 0 1 1 0 0 0 0 0 0 0 0 0 0 0 0 1 0 0 0 0 0 0 0 0 0 0 0 0 0 0
0 0 0 0 1 0 0 0 0 0 0 1 1 1 0 0 0 0 1 0 0 0 0 0 0 0 0 0 0 0 0 1 0 0 0 0 0 0 0 0 0 0 0 0 0
0 0 0 0 1 0 0 1 1 0 1 0 0 1 1 0 0 0 1 1 0 0 0 0 0 0 0 0 0 0 0 1 0 0 0 0 0 0 0 0 0 0 0 0 0
0 0 0 0 1 1 1 0 0 1 0 1 1 0 1 0 0 0 0 0 1 1 0 0 0 0 0 0 0 0 0 0 1 0 0 0 0 0 0 0 0 0 0 0 0
0 0 1 1 1 1 0 0 0 0 0 0 0 0 1 0 0 0 0 0 0 0 1 0 1 0 0 0 0 1 1 1 1 1 0 0 0 0 0 0 0 0 0 0 0
0 0 1 0 0 0 1 0 0 0 0 0 0 1 0 0 0 0 0 0 0 0 1 0 1 1 1 1 1 1 0 0 0 1 1 0 0 0 0 0 0 0 0 0 0
0 0 1 0 0 0 1 0 0 0 0 0 0 1 0 0 0 0 0 0 0 0 1 1 0 0 1 0 0 0 1 1 0 1 1 0 0 0 0 0 0 0 0 0 0
0 0 1 0 0 0 0 1 0 0 0 0 0 0 1 0 0 0 0 0 0 0 1 1 1 0 1 0 0 0 0 0 1 0 1 0 0 0 0 0 0 0 0 0 0
0 1 0 0 0 0 0 1 0 0 0 0 0 0 1 0 0 0 0 0 0 0 0 1 1 0 1 0 0 0 0 0 0 0 1 0 0 0 0 0 0 0 0 0 0
0 1 1 0 0 0 1 1 1 0 0 0 0 0 1 0 0 0 0 0 0 0 0 1 0 1 0 0 0 0 0 0 0 1 0 0 0 0 0 0 0 0 0 0 0
0 1 0 1 0 0 1 0 1 0 0 0 0 0 0 1 0 0 0 0 0 0 0 0 1 0 0 0 0 0 0 0 0 0 1 0 1 0 0 1 0 0 0 0 0
0 1 1 0 1 1 0 1 1 0 0 0 0 1 1 1 0 0 0 0 0 1 1 1 0 0 0 0 0 0 0 0 0 0 0 1 0 1 1 1 0 0 1 0 0
1 0 0 0 1 0 1 0 0 1 0 0 1 0 0 1 0 0 0 1 1 0 0 0 0 0 0 0 0 0 0 0 0 0 0 0 1 0 1 0 1 1 1 0 0
0 0 0 0 0 1 0 1 1 1 0 1 0 1 1 1 0 0 0 1 0 0 0 0 0 0 0 0 0 0 0 0 0 0 0 0 1 0 0 0 0 0 1 0 0
0 0 0 0 0 0 0 0 0 0 1 1 1 1 0 0 1 0 0 0 1 0 0 0 0 0 0 0 0 0 0 0 0 0 0 0 1 0 0 0 0 0 0 1 0
0 0 0 0 0 0 0 0 0 0 0 0 0 0 1 1 1 0 0 1 0 0 0 0 0 0 0 0 0 0 0 0 0 0 1 1 1 0 0 0 0 0 1 0 1
1 0 0 0 0 0 0 0 0 0 0 0 0 1 0 0 0 0 1 0 1 0 0 0 0 0 0 0 0 0 0 0 0 1 0 1 0 0 0 0 0 0 0 1 0
0 1 0 0 0 0 0 0 0 0 0 0 0 1 1 1 1 1 0 0 1 0 0 0 0 0 0 0 0 0 0 0 0 1 1 0 0 0 0 0 0 0 0 0 0
0 1 0 0 0 0 0 0 0 0 0 1 1 0 1 0 0 0 0 1 0 1 0 0 0 0 0 0 0 1 0 0 1 0 0 0 0 0 0 0 0 0 0 0 0
0 1 0 0 0 0 0 0 0 1 1 0 1 1 0 1 0 0 0 1 0 0 1 0 0 1 0 0 1 0 1 1 0 0 0 0 0 0 0 0 0 0 0 0 0
0 1 0 0 0 0 0 0 1 0 0 0 1 1 1 0 1 0 0 0 1 1 0 0 1 0 1 1 0 1 0 1 0 0 0 0 0 0 0 0 0 0 0 0 1
1 0 0 0 0 0 0 0 0 1 1 1 0 1 0 1 0 0 0 0 0 1 1 1 0 1 1 0 1 0 1 0 0 0 0 0 0 0 1 0 0 0 0 1 0
0 0 0 0 1 1 1 1 1 1 1 1 1 1 1 1 0 0 0 0 0 0 0 0 1 0 0 1 0 0 1 1 1 1 0 0 0 1 0 1 0 0 0 1 0
1 0 0 1 0 0 0 0 0 0 0 0 1 0 1 0 0 0 0 0 0 0 0 0 1 0 0 1 1 1 1 1 0 0 1 0 0 0 1 0 0 0 0 1 0
0 1 1 1 0 0 0 0 0 0 0 0 0 1 1 1 0 0 0 0 0 0 0 0 1 0 1 0 1 0 0 0 0 0 0 1 1 1 1 1 0 0 0 0 1
0 0 0 0 1 0 0 0 0 0 0 0 0 1 0 0 1 0 0 0 0 0 0 1 0 1 0 0 0 0 1 0 0 1 1 0 0 0 0 0 1 0 0 1 0
0 0 0 0 1 0 0 0 0 0 0 0 0 1 0 0 0 1 0 0 0 0 1 0 0 1 0 0 0 1 1 0 0 1 1 1 1 1 0 1 0 1 1 1 1
0 0 0 0 1 0 0 0 0 0 0 0 0 1 0 0 0 1 1 1 1 1 1 0 0 1 0 1 1 0 1 0 0 1 0 1 1 0 1 0 0 1 0 0 1
0 0 0 0 1 0 0 1 1 1 1 1 1 0 0 0 0 1 0 0 0 0 1 0 0 0 0 0 1 0 0 1 1 0 1 0 0 1 0 0 0 0 1 1 0
0 0 0 0 0 1 1 0 1 0 0 0 0 0 0 0 0 1 0 0 0 1 1 0 0 0 1 1 0 0 0 0 1 0 1 0 0 0 1 0 0 1 0 1 1
0 0 0 0 0 0 0 0 0 1 0 0 0 0 0 0 0 0 1 1 1 1 1 1 0 0 1 0 0 0 0 1 0 1 0 0 0 0 1 0 0 0 1 0 0
0 0 0 0 0 0 0 0 0 1 0 0 0 0 0 0 0 0 0 0 1 0 0 0 0 0 1 0 0 0 0 0 1 1 0 1 0 1 0 0 0 0 0 0 0
0 0 0 0 0 0 0 0 0 1 0 0 0 0 0 0 0 0 0 0 0 1 1 1 1 1 1 0 0 0 0 0 0 0 1 0 1 1 0 0 0 0 0 0 0
0 0 0 0 0 0 0 0 0 1 0 0 0 0 0 0 0 0 0 0 0 0 0 0 0 0 1 0 0 0 0 0 0 0 0 0 0 1 0 0 0 0 0 0 0
0 0 0 0 0 0 0 0 1 0 0 0 0 0 0 0 0 0 0 0 0 0 0 0 0 0 1 0 0 0 0 0 0 0 1 0 1 0 1 0 0 0 0 0 0
0 0 0 0 0 0 0 0 1 0 0 0 0 0 0 0 0 0 0 0 1 0 0 0 1 0 1 0 0 0 0 0 0 1 0 1 0 1 1 0 0 0 0 0 1
0 0 0 0 0 0 0 1 0 1 0 0 0 0 0 0 0 0 0 1 0 1 0 1 0 1 1 0 0 0 0 0 0 0 1 1 1 1 1 0 0 0 0 1 0
0 0 0 0 0 0 0 0 1 0 1 0 0 0 0 0 0 0 0 0 1 0 0 0 1 1 0 0 0 0 0 0 0 0 0 1 0 0 0 1 0 0 0 0 1
0 0 0 0 0 0 0 0 0 0 0 1 0 0 0 0 0 0 0 0 1 0 0 0 1 0 0 0 0 0 0 0 0 0 1 0 0 0 0 0 1 0 0 0 0
0 0 0 0 0 0 0 0 0 0 0 1 0 1 0 0 0 1 0 1 0 1 1 1 0 1 0 0 0 0 0 0 0 1 0 0 0 0 1 0 1 0 0 1 0
0 0 0 0 0 0 0 0 0 0 0 0 1 0 1 0 1 0 1 0 0 1 0 0 0 0 1 0 0 0 0 0 1 0 0 0 0 0 1 1 0 0 1 0 1
0 0 0 0 0 0 0 0 0 0 0 0 1 0 1 1 0 1 0 1 0 0 0 0 0 0 0 1 0 0 0 1 0 0 0 0 0 0 0 0 1 1 1 1 1
0 0 0 0 0 0 0 0 0 0 0 0 0 0 1 0 0 0 1 1 1 0 0 0 0 0 0 1 0 0 1 1 0 0 0 0 0 0 0 0 0 0 0 0 0
0 0 0 0 0 0 0 0 0 0 0 0 0 0 0 0 0 0 0 0 1 0 0 0 0 0 0 0 1 1 0 1 0 0 0 0 0 0 0 0 0 0 0 0 0
0 0 0 0 0 0 0 0 0 0 0 0 0 0 0 0 0 0 0 0 0 0 0 0 0 0 0 0 1 0 1 1 0 0 0 0 0 0 0 0 0 0 0 0 0
45 36
20 37
31 3
39 25
29 42
4 33
8 5
14 19
12 20
7 5
42 8
9 21
35 34
41 9
34 23
21 25
43 32
15 36
4 17
38 7
8 2
17 6
19 2
8 9
45 28
35 21
43 19
42 44
28 20
43 4
33 42
6 21
42 40
41 36
5 28
14 14
27 40
6 42
26 10
25 2
11 43
14 33
3 45
46 31
1 14
15 9
16 25
3 39
5 10
11 4
12 16
10 12
22 14
16 8
18 5
23 20
32 39
4 30
20 30
44 45
7 36
46 4
33 38
29 3
15 32
38 32
27 45
40 35
12 34
44 1
22 13
29 16
37 28
19 12
32 36
25 28
40 30
12 10
41 31
22 2
23 22
8 21
12 42
21 41
34 19
37 44
3 24
44 20
29 30
3 35
20 6
43 30
28 8
41 17
3 43
37 39
30 40
19 8
46 20
43 42
11 31
37 6
21 32
33 1
46 15
25 43
26 13
40 11
19 34
33 5
30 7
39 32
43 20
1 7
18 10
37 2
41 42
15 21
36 31
43 6
14 5
1 41
44 40
23 13
16 38
10 3
46 9
27 15
19 33
45 14
34 43
15 31
8 33
20 44
16 14
37 31
15 45
9 25
36 30
4 23
31 29
13 21
44 26
24 26
15 2
45 17
17 33
16 35
45 20
38 16
4 18
43 31
28 15
22 6
35 19
32 34
7 39
15 8
6 45
19 3
21 27
45 18
33 15
36 17
24 34
35 12
22 45
20 33
30 9
34 5
38 15
21 1
35 2
23 45
41 38
4 40
34 12
12 12
31 38
45 29
20 1
17 36
4 10
22 17
30 12
41 19
46 32
8 31
5 13
44 6
4 32
18 18
7 42
8 32
46 41
19 45
19 16
5 2
9 28
22 33
4 43
44 19
44 41
21 30
32 42
30 42
42 18
22 16
18 33
30 41
30 23
20 31
32 28
19 13
2 18
5 15
6 37
11 38
16 16
23 15
21 33
23 9
26 40
43 12
33 26
7 31
21 24
21 35
14 39
9 32
9 42
26 23
45 3
23 25
39 29
41 32
17 19
21 8
2 39
1 22
6 17
25 10
44 32
2 31
1 43
19 41
3 36
9 27
4 6
14 22
34 31
17 29
23 38
32 10
8 13
13 12
34 28
44 43
22 24
1 20
36 41
45 42
4 44
8 22
31 18
43 10
42 11
5 12
37 38
42 15
12 31
12 44
38 25
17 17
2 44
36 23
8 4
25 39
9 12
40 3
14 31
10 34
30 2
24 41
21 7
44 4
23 33
7 27
26 24
28 13
32 35
34 20
44 8
35 24
9 35
13 7
2 33
2 42
25 16
26 30
6 16
5 19
42 27
41 8
9 17
3 27
42 20
14 40
1 23
6 22
8 12
28 9
40 36
35 10
29 13
10 39
20 21
36 29
24 4
39 2
10 1
41 12
19 30
23 41
32 16
31 14
37 18
10 15
11 13
43 7
45 30
36 19
39 16
18 36
37 15
26 36
26 22
32 13
43 1
11 9
6 40
10 40
3 28
25 24
37 20
36 28
41 43
18 16
42 25
30 18
17 38
2 15
34 18
32 40
21 20
35 7
46 29
14 15
37 23
32 43
6 31
22 30
26 14
25 9
31 33
44 36
46 30
24 9
4 13
24 1
25 1
2 16
11 7
34 27
24 7
34 26
30 19
11 39
12 19
38 3
24 36
30 27
29 34
29 18
44 14
43 33
45 34
5 35
1 16
13 28
12 45
3 14
41 5
20 39
12 36
27 32
17 25
11 11
1 35
3 37
31 9
24 27
40 31
45 10
32 5
14 12
3 7
9 44
15 1
39 3
21 18
40 13
39 24
33 43
23 12
42 39
32 25
13 5
9 34
45 41
44 22
4 41
14 8
32 31
18 4
45 12
26 11
9 26
20 12
38 2
22 22
30 20
28 35
11 34
19 25
41 10
13 16
36 32
46 21
5 44
30 33
15 33
24 15
33 28
22 39
12 14
33 4
13 38
26 25
37 43
10 16
44 37
6 20
27 5
5 20
39 19
11 2
34 39
34 17
31 26
42 7
43 16
10 6
14 36
32 17
5 6
17 5
43 15
30 29
46 43
46 36
16 18
20 32
41 25
25 5
28 12
3 9
11 10
13 22
39 22
12 11
13 6
16 45
33 33
9 4
11 26
32 14
16 19
43 37
20 15
12 2
41 29
42 21
45 24
33 45
8 40
36 11
18 21
16 23
37 9
10 36
12 33
14 41
20 5
39 13
6 38
32 11
12 23
25 23
44 23
8 38
25 14
1 37
23 35
1 32
28 43
36 25
16 40
9 43
32 37
45 31
5 17
34 4
25 13
25 33
12 39
7 40
8 1
22 41
17 14
24 23
21 39
3 38
27 11
6 43
44 16
30 44
27 38
38 9
17 10
14 4
32 6
29 17
45 39
22 9
27 18
39 36
8 6
27 8
35 1
11 1
28 45
1 40
35 40
9 39
26 45
38 24
20 45
45 6
5 26
7 29
31 22
13 14
20 24
41 22
13 29
16 34
25 31
8 24
34 22
42 28
41 37
11 35
13 26
1 4
40 40
45 38
14 11
37 11
17 31
20 27
10 8
25 7
43 36
13 44
1 27
7 33
39 8
26 28
36 13
6 7
6 25
10 41
23 2
43 14
7 44
45 22
11 37
18 19
24 14
26 37
27 10
40 44
33 19
35 43
18 12
43 29
41 1
45 23
23 21
2 20
24 25
41 20
32 3
11 8
21 12
12 21
11 16
15 13
14 20
31 11
36 14
5 16
44 10
26 4
20 10
25 29
28 30
22 31
25 26
1 10
37 37
30 14
6 18
18 6
40 45
36 36
17 30
18 11
5 3
14 29
26 19
6 8
14 13
17 45
31 16
42 14
40 20
46 1
18 17
24 38
21 44
7 14
23 39
1 2
18 3
40 6
29 1
43 27
22 3
33 7
21 42
9 30
19 1
34 10
44 33
1 28
28 18
9 18
21 23
40 28
38 6
24 20
35 38
36 16
9 2
27 34
16 9
6 34
4 24
17 7
24 11
30 4
26 21
12 6
26 42
1 38
43 40
38 27
21 3
17 44
22 25
38 38
42 43
4 14
46 3
38 28
33 10
41 14
33 35
33 25
28 40
7 4
19 42
23 23
39 31
11 28
33 13
28 19
2 23
39 38
11 22
12 35
13 31
1 15
37 22
30 37
8 35
5 8
24 39
20 26
3 42
22 10
44 39
3 44
2 12
39 33
41 24
12 5
20 35
9 3
27 29
19 39
15 39
14 37
3 25
33 3
36 2
3 21
18 34
3 6
16 15
12 26
39 18
46 12
24 44
24 33
26 8
18 38
24 2
11 42
31 30
34 6
44 42
42 3
45 13
15 14
32 15
27 42
28 16
46 33
24 5
42 2
17 18
26 38
24 21
13 13
19 22
37 17
36 34
32 29
46 24
10 35
30 13
20 25
9 5
29 40
20 9
26 9
31 12
24 45
29 27
46 27
45 7
10 11
35 28
7 45
46 42
21 16
21 34
10 38
41 16
33 11
21 11
6 44
2 2
22 36
29 26
40 7
28 26
22 42
28 28
21 22
30 8
36 27
40 2
10 32
44 25
15 6
12 27
32 38
26 35
36 20
5 23
9 6
1 11
32 33
2 43
27 33
19 28
25 20
15 38
34 34
37 13
31 15
13 27
46 26
3 5
40 17
42 42
22 8
30 11
15 25
42 13
43 26
20 42
36 21
24 43
5 9
17 16
2 22
7 32
27 4
16 11
38 31
10 25
43 18
30 5
7 19
7 37
18 14
6 2
6 15
38 42
26 16
41 44
22 7
40 41
23 44
3 30
31 43
40 19
30 35
28 3
1 24
16 7
11 23
3 1
41 40
32 2
2 13
38 20
13 43
7 23
7 34
6 19
5 39
45 26
32 21
29 9
15 12
27 16
17 32
32 1
14 43
13 1
25 3
5 4
5 32
22 28
29 15
39 11
37 26
4 19
14 2
27 35
39 42
24 19
42 33
4 29
21 9
23 40
6 11
30 43
31 28
42 19
17 15
33 40
7 35
31 35
46 11
36 5
29 20
34 7
9 38
43 35
23 30
21 28
26 18
29 33
7 24
28 23
30 36
42 29
14 38
39 21
17 34
38 14
43 22
2 3
20 7
26 41
6 29
2 45
13 25
20 28
46 7
12 32
39 1
8 44
12 13
32 41
13 41
33 17
21 6
40 22
33 2
42 35
15 19
26 17
5 42
7 10
2 38
24 3
18 27
28 24
10 42
35 13
10 23
24 31
20 41
6 13
7 43
32 22
17 42
35 42
22 1
16 5
22 27
1 44
31 25
9 31
38 43
6 4
3 31
3 34
45 27
14 24
33 8
10 26
5 37
7 3
16 26
33 20
9 40
3 2
18 35
45 40
43 9
36 44
38 30
17 22
18 39
35 30
24 30
1 5
41 34
9 22
5 11
8 7
16 21
17 12
14 34
31 13
16 33
36 40
5 1
13 20
10 7
28 2
17 21
43 23
15 24
12 40
19 26
15 15
45 45
25 37
13 30
5 43
3 40
9 9
14 26
27 12
8 41
34 29
16 42
26 33
1 18
18 42
10 2
27 23
5 45
2 7
40 25
4 4
4 37
27 19
22 18
39 15
28 27
5 5
33 27
18 30
43 24
9 45
31 6
4 8
26 5
13 34
38 13
40 1
31 5
20 38
29 11
4 22
15 37
22 29
20 4
15 34
31 39
40 9
11 27
34 14
11 15
18 41
18 1
32 9
10 31
25 36
10 14
36 43
3 4
33 29
12 8
39 44
5 24
27 44
4 5
24 18
3 33
25 40
36 9
35 45
40 33
31 2
22 34
1 13
30 39
22 37
23 34
35 3
3 16
7 8
14 16
12 7
3 13
24 10
38 8
38 44
1 30
44 38
12 41
15 23
31 42
15 26
35 9
33 6
16 43
6 14
10 21
42 41
7 20
24 32
2 5
32 23
33 23
25 42
11 30
24 12
21 19
29 31
8 43
3 23
13 23
18 40
40 32
13 11
43 13
18 32
14 23
26 3
13 42
30 32
4 7
7 12
35 33
46 17
1 26
4 25
39 20
31 20
22 32
2 34
38 41
27 26
12 4
2 9
2 28
4 1
38 22
6 28
34 3
3 3
20 23
36 24
12 28
29 25
35 22
46 35
37 21
40 5
14 10
35 23
44 2
41 7
6 12
12 17
38 18
25 44
14 3
24 42
22 19
19 23
16 41
42 24
15 44
25 22
42 10
28 31
25 32
2 32
17 23
3 32
40 23
27 2
6 41
31 27
15 27
38 12
36 3
31 21
35 26
27 7
40 18
16 24
38 29
18 23
28 39
45 35
13 18
4 20
9 15
40 14
45 5
46 6
13 32
9 24
23 4
13 9
27 1
34 32
7 18
40 21
23 6
33 34
30 22
23 8
24 40
2 30
42 45
30 21
33 16
31 4
16 30
41 23
31 8
46 14
45 16
46 45
10 28
18 9
13 40
36 15
17 3
12 18
38 40
46 18
16 4
34 37
32 45
9 19
15 4
11 29
41 39
2 11
9 10
14 1
11 20
46 37
39 41
16 31
11 12
42 12
17 39
27 36
32 18
37 35
2 14
11 45
5 30
33 18
16 6
31 23
15 7
39 26
42 17
15 43
36 18
37 45
39 37
26 44
9 14
42 32
35 36
20 2
30 34
36 7
17 27
28 36
16 37
30 16
27 9
39 7
14 45
33 24
8 23
23 11
22 5
37 36
8 36
41 27
27 41
15 5
26 26
40 42
14 9
6 39
37 40
34 45
40 24
25 25
41 6
29 7
21 38
8 27
18 24
9 8
35 15
26 27
39 23
7 17
2 35
18 25
44 17
12 30
35 17
27 14
23 43
37 7
23 32
25 41
11 40
18 26
23 16
45 4
30 45
2 21
21 17
4 9
12 37
7 9
33 37
7 15
26 32
29 32
42 23
19 37
35 20
40 10
23 14
24 8
34 40
13 3
30 15
37 1
4 12
29 29
35 32
14 42
14 35
12 43
10 45
21 29
24 28
46 39
45 9
39 17
39 43
9 11
46 22
44 13
4 35
1 34
31 1
18 31
