47 44 1454
0 0 0 0 0 1 0 1 0 0 0 0 0 0 0 0 0 0 0 0 0 1 0 0 0 0 0 0 0 1 0 0 0 0 0 0 0 0 0 1 1 1 0 0
0 0 0 0 0 1 0 1 0 0 0 0 0 0 0 0 0 0 0 0 1 0 1 1 1 0 0 0 0 1 0 0 0 0 0 0 0 0 1 0 0 0 0 0
0 0 0 1 0 1 1 0 0 0 0 0 0 0 0 0 0 0 0 0 0 1 0 1 0 0 0 0 0 1 0 0 0 0 0 0 0 0 0 1 0 1 1 0
0 0 1 1 0 1 0 0 0 0 0 0 0 0 0 0 0 0 0 0 0 0 0 1 0 0 0 0 0 1 0 0 0 0 0 0 0 0 0 0 1 1 0 0
0 0 0 1 1 0 0 0 0 0 0 0 0 0 0 0 0 0 0 0 0 0 0 0 1 1 0 0 0 0 1 0 0 0 0 0 0 0 0 0 0 1 0 0
1 1 1 0 0 0 0 0 0 0 0 0 0 0 0 0 0 0 0 0 0 0 0 1 1 1 1 1 1 1 0 0 0 0 0 0 0 0 0 0 0 1 0 0
0 1 0 1 0 0 1 1 1 0 0 0 0 0 0 0 0 0 0 0 0 0 1 0 0 1 1 1 0 0 0 0 0 0 0 0 0 0 0 0 0 1 0 0
0 1 0 0 1 1 0 0 1 1 1 1 0 0 0 0 1 1 0 0 0 1 1 0 0 1 0 0 1 0 0 0 0 0 0 0 0 0 0 0 0 0 1 1
0 1 0 0 0 0 0 0 1 0 0 0 1 0 0 1 0 0 1 1 1 0 0 1 1 0 1 0 1 0 0 0 0 0 0 0 0 0 0 1 1 1 0 1
1 0 0 0 0 0 0 1 0 1 1 1 1 1 1 0 0 0 0 0 0 0 0 0 1 0 0 1 0 0 0 0 0 0 0 0 0 0 1 0 0 0 0 0
0 0 0 0 0 0 1 0 1 0 1 0 0 1 0 1 1 0 0 0 1 0 0 1 1 1 0 0 0 1 1 1 1 0 0 0 0 0 1 1 0 0 0 0
0 0 0 0 0 0 0 1 0 1 0 1 0 0 1 1 1 0 0 0 1 1 1 1 0 0 1 1 1 0 0 0 1 0 0 0 0 1 0 0 0 0 0 0
0 0 0 0 0 0 0 0 0 0 1 0 0 0 1 0 0 0 0 0 1 1 0 1 1 1 1 1 1 0 0 0 1 0 0 1 1 0 0 0 0 0 0 0
0 0 0 0 0 0 0 0 0 0 0 0 0 1 0 0 0 0 0 0 1 0 1 0 0 1 0 0 0 1 0 0 0 1 1 0 1 0 0 0 0 0 0 0
0 0 0 0 0 0 0 0 0 0 0 0 0 0 1 0 0 0 1 1 1 0 0 0 0 0 1 1 0 1 0 1 1 0 0 0 0 1 1 0 0 0 0 0
0 0 0 0 0 0 0 0 0 0 0 0 0 0 0 1 1 1 0 1 1 0 1 1 1 0 0 0 1 0 1 0 1 0 1 0 0 0 1 1 0 0 0 0
0 0 0 0 0 0 0 1 0 0 0 1 0 0 0 1 0 0 1 0 0 0 1 0 1 1 1 1 0 0 0 1 0 1 0 1 0 1 0 1 0 0 0 0
0 0 0 0 0 0 1 0 1 0 1 0 1 0 1 0 0 0 0 1 0 0 1 1 0 1 0 0 0 1 1 0 0 1 0 1 1 1 0 0 0 0 0 0
1 0 0 0 0 0 0 1 0 0 0 1 1 1 1 0 0 0 0 1 0 1 0 0 1 0 1 0 1 0 0 1 1 1 1 1 0 0 0 0 0 0 0 0
0 1 0 0 0 0 0 0 0 0 1 1 0 0 0 0 0 0 1 1 1 1 0 0 0 0 1 0 1 0 0 1 0 0 1 0 0 0 0 0 0 0 0 0
0 1 0 1 0 0 0 0 0 1 0 1 1 0 0 0 0 0 0 0 0 0 1 0 0 0 0 1 0 0 0 0 0 0 1 0 0 0 0 0 0 0 0 0
0 1 1 0 1 1 0 0 1 0 0 1 0 1 0 0 0 0 0 0 0 0 1 0 0 0 0 0 0 0 0 0 0 0 1 0 0 0 0 0 0 0 0 0
0 1 0 1 1 0 1 1 0 0 0 1 1 1 0 0 0 0 0 0 0 0 0 1 0 0 0 0 0 0 0 0 0 0 1 0 0 0 0 0 0 0 0 0
0 0 1 1 1 1 0 1 1 0 0 0 1 0 1 1 0 0 0 0 1 0 1 0 0 0 0 0 0 0 0 0 0 0 0 1 1 1 1 0 0 0 0 0
0 0 0 0 0 1 0 1 1 1 1 1 0 1 1 1 0 0 0 1 0 1 0 0 0 0 0 0 0 0 0 0 0 0 0 0 0 0 0 1 1 1 0 0
1 1 1 1 1 0 1 1 1 1 0 0 0 0 0 0 1 1 1 0 1 0 0 0 0 0 1 0 0 0 0 0 0 0 0 1 1 0 0 0 1 0 0 0
1 0 1 1 0 0 0 0 0 0 0 0 0 0 0 0 0 0 0 0 0 1 0 0 0 1 0 1 0 0 0 0 0 0 1 0 0 1 0 0 1 0 0 0
0 1 1 0 1 0 0 0 0 0 0 0 0 0 0 0 0 0 0 0 0 1 0 1 1 0 0 1 0 0 0 0 0 0 1 0 0 1 0 1 1 0 0 0
0 1 0 1 0 0 0 0 0 0 0 0 0 0 0 0 0 0 0 0 0 1 1 0 0 0 0 0 1 0 0 0 0 0 1 0 0 0 1 0 0 0 0 0
1 0 0 0 0 0 0 0 0 0 0 0 0 0 0 0 0 0 1 1 1 0 0 0 0 0 0 0 1 0 0 0 1 1 1 0 0 0 0 0 0 0 0 0
0 0 1 0 0 0 0 1 0 0 0 1 0 0 0 0 0 1 0 0 0 0 0 0 0 0 0 1 0 0 0 1 0 0 0 0 0 0 0 0 0 0 0 0
1 1 0 1 0 0 1 0 1 1 1 0 1 0 0 0 1 0 0 0 0 0 0 0 0 0 0 1 0 0 0 1 0 0 0 0 0 0 0 0 0 0 0 0
0 1 1 1 0 0 1 0 0 0 1 1 0 0 0 1 0 0 0 0 0 0 0 0 0 0 1 0 0 0 0 1 0 0 0 0 0 0 0 0 0 0 0 0
0 0 0 0 1 0 1 0 0 0 0 1 0 0 0 1 0 0 0 0 0 0 0 0 0 0 1 0 1 1 1 1 1 0 0 0 0 0 0 0 0 0 0 0
0 0 0 0 1 1 0 0 0 0 0 1 1 1 1 1 1 0 0 0 0 0 0 0 0 0 1 1 0 0 0 0 0 0 0 0 0 0 0 0 0 0 0 0
0 0 0 0 1 1 0 0 0 0 1 1 0 0 0 0 0 0 0 0 0 0 0 0 0 0 0 1 1 0 0 0 0 0 0 0 0 0 0 0 0 0 0 0
0 0 0 0 0 0 0 0 1 1 1 1 0 0 0 0 0 0 0 0 0 0 0 0 0 0 0 0 0 0 0 0 0 0 0 0 0 0 0 0 0 0 0 0
0 0 0 0 0 0 0 0 1 1 0 1 0 0 0 1 0 0 0 0 0 0 0 0 0 0 0 0 0 0 0 0 0 0 0 0 0 0 0 0 0 0 0 0
0 0 0 0 0 0 1 1 0 0 1 1 0 0 1 0 1 1 1 0 0 0 0 0 0 0 0 0 0 0 0 0 0 0 0 0 0 0 0 0 0 0 0 0
0 0 0 0 0 0 0 1 0 0 0 0 1 1 0 1 0 1 0 0 0 0 0 0 0 0 0 0 0 0 0 0 0 0 0 0 0 0 0 0 0 0 0 0
0 0 0 1 0 0 0 1 0 0 0 0 0 0 0 1 0 0 0 0 0 0 0 0 0 0 0 0 0 0 0 0 0 0 0 0 0 0 0 0 0 0 0 0
0 1 1 1 0 0 0 1 0 0 0 0 0 0 0 0 1 1 0 0 1 0 0 0 0 0 0 0 0 0 0 0 0 0 0 0 0 0 0 0 0 0 0 0
1 0 0 0 1 1 1 0 0 0 0 0 0 0 0 0 0 1 0 0 1 0 0 0 0 0 0 0 0 0 0 0 0 0 0 0 0 0 0 0 0 0 0 0
0 0 0 1 0 1 0 0 0 0 0 0 0 0 0 0 0 0 1 1 0 1 0 0 0 0 0 0 0 0 0 0 0 0 0 0 0 0 0 0 0 0 0 0
0 0 0 0 1 0 0 0 0 0 0 0 0 0 0 0 0 0 0 0 0 1 0 0 0 0 0 0 0 0 0 0 0 0 0 0 0 0 0 0 0 0 0 0
1 1 1 0 0 0 0 0 0 0 0 0 0 0 0 0 0 0 0 0 1 0 0 0 0 0 0 0 0 0 0 0 0 0 0 0 0 0 0 0 0 0 0 0
0 0 0 1 0 0 0 0 0 0 0 0 0 0 0 0 0 0 0 1 0 0 0 0 0 0 0 0 0 0 0 0 0 0 0 0 0 0 0 0 0 0 0 0
0 1 0 0 0 0 1 0 1 1 0 0 0 0 1 1 0 0 0 0 1 0 1 0 0 0 0 0 0 0 0 0 0 1 0 0 0 0 0 0 0 0 0 0
1 0 0 0 0 0 0 1 0 0 0 0 0 0 0 0 1 0 0 0 0 1 1 0 0 0 0 0 0 1 0 0 1 0 0 0 0 0 0 0 0 0 0 0
0 0 0 0 0 0 0 0 1 1 0 0 0 0 0 0 0 1 0 0 0 1 0 1 0 0 0 0 1 0 1 1 1 0 0 0 0 0 0 0 0 0 0 0
0 0 0 0 0 0 0 0 1 0 1 1 0 0 0 0 0 1 1 1 1 0 1 0 0 0 0 0 0 1 1 0 0 0 0 0 0 0 0 0 0 0 0 0
0 0 0 0 0 0 1 1 1 0 0 1 0 0 0 0 0 0 0 0 0 1 0 0 0 0 0 0 1 1 0 0 0 0 0 0 0 0 0 0 0 0 0 0
0 0 0 0 0 1 0 0 1 1 1 1 0 0 0 0 0 0 0 0 0 1 0 1 0 0 0 1 0 0 0 0 0 0 0 0 0 0 0 0 0 0 0 0
0 0 0 0 0 1 0 1 1 0 0 1 0 0 0 0 0 0 0 0 0 0 1 0 1 0 0 1 0 0 0 0 0 0 0 0 0 0 0 0 0 0 0 0
0 1 1 0 1 0 1 0 1 0 0 0 0 0 0 0 0 0 0 1 1 0 1 1 0 0 0 1 0 0 0 0 0 0 0 0 0 0 0 0 0 0 0 0
1 0 0 1 0 1 0 1 1 0 1 0 0 0 0 0 0 0 1 0 1 0 1 0 0 0 1 0 0 0 0 0 0 0 0 0 0 0 0 0 0 0 0 0
1 0 1 0 1 1 1 0 0 1 0 1 0 0 0 0 0 0 0 1 0 1 0 0 0 1 0 0 0 0 0 0 0 0 0 0 0 0 0 0 0 0 0 0
0 1 0 1 1 0 1 0 0 1 1 1 0 0 0 0 0 0 0 0 1 1 0 0 0 0 1 0 0 0 0 0 0 0 0 0 0 0 0 0 0 0 0 0
1 0 1 0 0 0 1 0 1 0 0 1 0 0 0 0 0 0 0 0 0 0 1 1 1 1 1 0 0 0 0 0 0 0 0 0 0 0 0 0 0 0 0 0
1 1 1 0 0 0 1 0 1 0 0 1 0 0 0 0 0 0 0 0 0 0 1 0 0 0 0 0 0 0 0 0 0 0 0 0 0 0 0 0 0 0 0 0
0 0 0 0 0 0 0 1 1 0 0 0 0 0 0 0 0 0 0 0 0 0 0 0 0 0 0 0 0 0 0 0 0 0 0 0 0 0 0 0 0 0 0 0
0 0 0 0 0 0 0 0 0 0 0 0 0 0 0 0 0 0 0 0 0 0 0 0 0 0 0 0 0 0 0 0 0 0 0 0 0 0 0 0 0 0 0 0
0 0 0 0 0 0 0 0 0 0 0 0 0 0 0 0 0 0 0 0 0 0 0 0 0 0 0 0 0 0 0 0 0 0 0 0 0 0 0 0 0 0 0 0
0 0 0 0 0 0 0 0 0 0 0 0 0 0 0 0 0 0 0 0 0 0 0 0 0 0 0 0 0 0 0 0 0 0 0 0 0 0 0 0 0 0 0 0
0 0 0 0 0 0 0 0 0 0 0 0 0 1 1 1 1 0 0 0 0 0 0 0 0 0 0 0 0 0 0 0 0 0 0 0 0 0 0 0 0 0 0 0
0 0 0 0 0 1 0 0 0 0 1 1 1 0 0 0 0 1 0 0 0 0 0 0 0 0 0 0 0 0 0 0 0 0 0 0 0 0 0 0 0 0 0 0
0 0 0 0 0 1 1 1 1 1 0 0 0 0 0 0 1 0 0 0 0 0 0 0 0 0 0 0 0 0 0 0 0 0 0 0 0 1 1 0 0 0 0 0
0 0 0 0 0 1 0 0 0 0 0 0 0 0 0 1 0 0 0 0 0 0 0 0 0 0 0 0 0 0 0 0 0 0 0 0 0 1 0 1 1 1 1 0
0 0 0 0 1 0 0 0 0 0 0 0 0 0 0 0 1 0 0 1 0 0 0 0 0 0 0 0 0 0 0 0 0 0 0 0 1 0 1 0 1 0 1 0
0 0 0 0 1 0 1 0 0 0 0 0 0 0 0 0 0 1 1 0 1 0 0 0 0 0 0 0 0 0 0 0 0 0 0 0 1 0 0 1 0 0 1 0
0 0 0 1 1 1 0 1 1 1 0 0 0 0 0 0 0 0 1 1 0 0 0 0 0 0 0 0 0 0 0 0 0 0 0 0 1 0 0 0 0 0 0 1
0 0 0 0 0 1 0 1 0 0 1 0 0 0 0 0 0 1 0 0 1 0 0 0 0 0 0 0 0 0 0 0 0 0 0 0 1 0 0 0 0 0 0 0
1 1 1 0 1 0 0 0 0 1 0 0 0 0 0 0 0 0 1 1 1 0 0 0 0 0 0 0 0 0 0 0 0 1 1 1 0 0 0 0 0 0 0 0
0 0 0 1 1 0 0 0 0 1 0 0 0 0 1 0 0 1 0 0 0 0 0 0 0 0 0 0 0 0 0 0 0 0 0 0 1 0 0 0 0 0 0 0
0 1 0 1 1 0 1 1 1 0 0 0 0 1 0 1 1 0 1 1 1 1 1 1 1 0 0 0 0 0 0 0 0 1 0 1 0 0 0 0 0 0 0 0
1 0 1 0 0 1 0 1 0 1 1 0 1 0 1 1 0 1 0 0 0 0 0 0 0 1 0 0 0 0 0 0 0 1 1 1 0 0 0 0 0 0 0 0
0 1 0 1 1 0 0 0 1 0 0 1 0 1 0 0 1 1 1 0 0 0 0 0 0 1 0 0 0 0 0 0 0 1 0 0 1 0 0 0 0 0 0 0
0 1 0 0 0 0 0 1 0 1 1 0 1 0 0 0 1 0 0 0 0 0 0 0 0 0 1 0 0 0 1 1 1 0 0 1 0 0 0 0 0 0 0 0
1 0 1 0 0 0 0 1 1 0 0 1 1 1 1 1 0 0 0 0 0 0 0 0 0 0 1 1 0 0 1 1 0 0 0 0 1 1 1 0 0 0 0 0
1 0 1 0 0 0 1 0 0 1 1 0 1 0 0 0 0 0 0 0 0 0 0 0 0 1 0 1 0 1 1 0 1 0 0 1 0 1 0 1 0 0 1 1
1 1 0 0 0 1 0 0 0 0 0 1 0 1 0 0 0 0 0 0 0 0 0 0 0 1 0 1 0 1 1 0 1 0 0 0 1 1 0 1 1 1 0 0
0 1 1 1 1 0 0 0 0 0 0 0 1 1 0 1 1 0 0 0 0 0 0 1 0 1 1 1 1 0 1 1 0 0 0 0 0 0 1 1 0 0 0 0
0 0 0 0 0 0 0 0 0 0 0 1 0 1 1 0 0 1 0 0 0 0 1 0 1 0 1 0 1 1 0 0 0 0 0 0 0 0 0 1 0 0 0 0
0 0 0 0 0 0 0 0 0 0 0 0 1 0 0 0 0 0 1 0 0 0 0 1 1 1 0 1 1 1 0 0 0 0 0 0 0 0 0 1 0 0 0 0
0 0 0 0 0 0 0 0 0 0 0 0 1 0 0 0 0 1 0 0 0 0 0 0 1 1 0 0 0 0 0 0 0 0 0 0 0 0 1 0 0 0 0 0
1 0 0 0 0 0 0 0 0 0 0 0 0 1 0 0 0 1 0 0 0 0 0 1 0 0 1 0 0 0 0 0 0 0 0 0 0 1 0 0 0 0 0 0
0 1 1 1 0 0 1 1 1 1 0 0 1 1 0 0 0 0 1 0 0 0 0 1 0 0 1 0 0 0 0 0 0 0 0 1 1 1 0 0 0 0 0 0
0 0 0 0 1 1 0 0 0 0 1 1 0 1 1 1 0 0 0 1 0 1 1 0 0 0 1 0 0 0 0 0 0 0 1 0 0 1 1 1 0 0 0 0
0 0 1 0 1 0 1 1 0 1 0 0 1 1 0 1 0 0 0 1 1 0 0 0 0 0 1 1 1 1 0 0 0 0 1 0 0 0 0 0 0 0 0 0
0 1 1 1 1 0 0 0 1 0 1 0 1 0 1 0 0 0 1 0 1 0 0 0 0 0 0 0 0 0 1 0 0 1 0 0 0 0 0 0 0 0 0 0
0 0 0 0 0 1 1 0 1 1 0 1 1 0 0 0 0 0 0 1 0 0 0 0 0 0 0 0 0 0 0 1 1 1 1 0 0 0 0 0 0 0 0 0
0 0 0 0 0 0 0 1 0 0 0 0 1 0 0 0 0 0 0 0 0 0 0 0 0 0 0 0 0 0 0 0 0 0 0 0 0 0 0 0 0 0 0 0
0 0 0 0 0 0 0 0 0 0 0 0 0 0 0 0 0 0 0 0 0 0 0 0 0 0 0 0 0 0 0 0 0 0 0 0 0 0 0 0 0 0 0 0
0 0 0 0 0 0 0 0 0 0 0 0 0 0 0 0 0 0 0 0 0 0 0 0 0 0 0 0 0 0 0 0 0 0 0 0 0 0 0 0 0 0 0 0
44 21
1 25
47 26
4 15
17 17
44 14
26 34
28 8
33 38
22 3
15 20
42 12
35 29
8 15
11 26
35 16
15 13
2 2
46 3
2 44
6 44
8 9
27 14
24 37
1 22
19 27
16 38
13 33
16 18
25 24
7 10
25 14
30 23
21 11
47 4
14 32
22 36
6 30
47 16
36 40
26 29
28 25
23 12
16 8
41 3
12 5
31 36
7 16
36 13
18 2
41 18
33 3
15 1
6 40
40 16
14 16
25 36
14 8
34 28
36 30
42 22
8 44
41 30
25 3
32 30
36 7
22 39
44 7
43 1
12 16
15 27
29 30
25 32
39 2
41 23
41 7
4 31
12 29
43 27
9 1
15 28
8 29
16 7
41 27
39 16
33 13
28 1
4 44
30 5
42 27
38 42
42 43
13 35
3 42
6 38
9 30
27 3
5 37
32 8
21 5
2 42
36 32
23 18
23 30
19 40
4 9
39 13
29 12
7 14
15 14
5 35
2 40
2 16
34 6
19 29
46 11
13 41
31 9
13 16
1 29
25 25
19 21
32 11
11 9
9 2
22 32
36 3
8 17
43 7
40 21
10 23
23 7
11 17
27 31
47 6
44 28
9 4
14 2
17 25
27 26
25 38
38 7
2 15
42 6
2 18
10 8
38 4
17 37
32 14
17 40
7 44
16 21
16 24
1 44
11 6
46 9
6 31
8 22
39 34
45 27
36 29
32 37
39 18
41 42
33 10
10 13
8 23
12 38
29 42
24 25
23 39
17 18
10 36
22 42
37 16
44 25
13 11
8 39
17 12
45 12
40 28
23 4
7 7
39 11
41 4
22 4
19 9
18 31
24 5
32 21
20 15
8 5
10 33
20 23
2 32
15 19
24 15
38 44
13 9
15 36
39 21
31 44
16 37
8 42
12 43
31 1
35 35
32 38
28 44
7 34
1 41
37 25
41 22
11 38
28 12
13 26
45 16
19 2
14 37
4 28
47 18
23 24
32 35
41 15
24 31
40 42
45 32
31 18
3 20
14 14
44 15
21 38
28 3
2 26
15 6
31 17
8 3
22 38
31 34
27 9
16 9
33 35
20 44
41 12
3 40
3 29
7 31
33 14
39 35
36 8
25 39
13 27
31 33
46 19
17 20
36 4
41 19
4 20
43 4
1 10
21 42
16 31
5 44
6 11
27 41
34 42
29 24
15 15
13 7
5 43
27 5
44 30
33 4
9 11
27 10
40 17
28 14
45 25
15 41
43 23
5 23
3 25
9 28
38 31
20 32
12 28
23 32
10 18
47 13
6 24
36 12
19 3
43 28
4 8
6 13
25 12
44 2
25 19
40 22
24 39
21 12
14 33
18 35
47 21
46 40
24 28
38 27
23 25
22 37
40 29
11 44
32 15
15 22
10 6
38 32
11 29
24 26
43 6
29 20
20 40
12 20
1 33
31 10
16 25
39 31
38 5
6 36
17 28
31 42
43 3
18 38
3 33
27 4
3 21
46 18
3 41
46 26
38 30
29 40
26 44
11 37
30 32
21 1
34 29
45 18
30 20
12 11
22 33
30 24
13 3
44 26
17 43
14 43
8 43
13 44
11 22
21 39
26 15
24 22
23 16
3 28
8 8
14 38
37 20
6 21
46 42
33 22
12 1
11 25
9 37
6 43
13 8
27 12
35 28
39 41
34 3
37 19
19 41
45 13
9 34
44 20
28 23
20 33
42 8
7 11
41 21
2 13
40 44
23 23
20 29
15 3
22 26
40 9
21 21
45 40
5 36
17 41
24 21
46 2
13 40
32 22
18 14
34 34
47 23
20 35
41 41
25 4
47 24
23 2
42 29
20 36
19 20
18 5
7 24
43 17
38 22
45 34
11 13
5 2
38 3
37 14
3 19
18 40
11 3
30 17
31 7
40 13
23 34
6 6
26 27
7 29
10 29
46 23
18 44
37 34
42 11
5 17
4 26
34 25
47 12
37 10
27 24
2 28
41 40
27 1
37 27
17 19
40 4
36 25
33 44
38 25
28 27
9 16
39 39
9 17
4 5
12 17
14 44
24 34
2 21
33 42
7 9
32 39
16 12
38 35
5 19
5 15
16 42
29 18
26 18
45 4
33 24
22 34
32 7
5 39
22 29
23 27
12 37
22 10
10 7
47 2
7 4
36 18
45 26
40 14
9 27
13 18
44 12
12 35
44 40
31 11
13 31
30 6
14 40
17 42
10 20
31 8
45 19
3 35
29 44
44 5
7 36
30 18
46 22
19 6
28 36
12 31
26 32
20 34
35 33
22 8
18 27
47 7
32 26
47 41
30 29
17 44
24 43
1 20
1 35
43 20
5 28
11 8
23 38
33 31
17 8
42 26
20 6
11 42
23 29
27 30
40 23
37 12
11 28
30 10
9 21
17 35
21 16
10 26
3 24
4 2
20 2
8 27
41 43
20 13
38 17
4 18
11 23
31 35
40 20
7 38
41 20
40 18
44 39
38 39
47 40
39 28
5 4
8 13
43 15
27 43
8 25
30 39
46 4
44 32
27 32
10 44
6 18
23 28
7 8
26 35
7 6
6 15
8 38
42 4
5 7
29 19
2 20
7 20
18 16
34 16
16 27
27 40
8 12
32 28
25 9
31 24
16 14
38 15
5 30
36 44
8 19
3 7
16 43
25 5
25 30
34 2
39 1
12 27
39 4
12 2
36 43
36 15
45 33
14 27
9 29
14 34
11 11
36 5
24 29
24 13
31 29
26 36
40 15
23 5
20 20
30 35
37 38
25 6
34 44
19 16
15 16
45 10
7 15
38 18
40 32
34 21
33 12
27 38
34 15
29 39
1 1
4 42
42 14
12 15
26 23
36 16
10 35
41 44
19 44
9 31
28 40
12 12
5 32
5 27
2 39
41 16
28 33
39 17
8 40
30 8
37 5
19 37
7 35
36 39
1 28
26 31
19 13
2 37
2 7
17 16
30 27
5 8
1 31
29 25
17 14
43 24
12 10
38 34
34 14
46 36
12 8
13 25
42 3
10 12
27 35
16 23
42 2
4 16
3 37
25 11
20 24
35 11
37 29
45 21
37 13
10 2
6 9
37 41
22 18
18 1
33 9
6 37
22 12
14 3
25 37
14 29
42 16
14 13
15 8
3 44
46 5
35 40
6 34
18 37
37 43
35 22
33 36
42 44
37 33
41 11
33 39
28 9
39 5
13 6
29 4
43 41
16 39
26 22
18 6
20 39
36 14
15 18
12 4
12 39
31 25
15 30
35 23
17 33
28 37
41 26
10 14
47 19
33 26
19 34
46 16
37 21
17 38
21 33
22 22
10 42
36 26
20 16
39 10
3 8
46 35
23 1
3 12
23 11
30 9
1 13
2 10
13 2
11 41
26 1
9 41
2 23
31 38
21 14
9 3
44 43
9 38
42 19
11 40
6 28
22 31
44 4
31 28
17 26
19 32
7 43
16 2
10 30
24 41
34 33
23 40
28 19
47 35
42 9
24 1
17 29
9 19
1 39
6 26
28 18
36 11
46 27
4 14
47 43
9 36
29 2
8 20
28 29
13 14
35 12
44 41
32 16
40 12
27 13
29 28
46 13
34 36
29 1
44 1
25 16
30 42
2 14
23 19
11 20
44 19
21 27
31 16
30 21
46 24
5 12
28 21
16 3
6 19
25 42
26 19
43 8
26 7
45 17
7 26
34 23
7 22
42 18
37 6
28 42
32 6
24 10
17 21
47 39
28 5
37 8
20 4
12 23
7 33
20 38
40 40
42 25
24 2
14 9
41 34
17 34
43 37
13 21
14 35
27 34
13 38
23 17
29 11
39 33
33 32
15 5
8 1
19 7
24 7
46 8
39 32
33 40
46 14
7 13
30 1
20 14
47 3
13 17
26 9
5 33
16 20
6 33
7 2
32 23
29 38
36 22
28 11
19 30
4 10
5 31
30 34
1 16
46 31
40 3
13 36
15 38
15 7
4 21
24 40
24 9
4 35
6 42
15 29
39 8
19 26
40 30
47 9
25 13
17 1
17 2
28 22
18 7
39 24
34 7
36 36
27 18
10 40
12 7
41 13
21 40
28 15
18 34
34 40
36 42
9 14
9 9
43 43
2 43
24 30
46 6
27 44
10 37
22 27
19 25
13 13
45 28
15 26
13 10
20 19
27 21
5 38
8 31
33 37
4 23
27 11
25 41
38 11
40 26
29 36
35 30
42 33
2 8
34 35
21 28
4 29
47 30
13 34
10 24
21 7
33 6
16 16
39 27
14 7
21 20
8 21
41 29
29 7
29 10
39 19
7 28
17 3
13 37
47 17
24 23
8 28
19 24
13 19
27 36
35 42
40 2
36 41
19 4
15 37
41 9
9 32
3 9
15 17
9 7
25 40
35 5
41 28
18 9
45 3
23 20
3 3
2 33
24 14
27 19
3 43
46 21
39 7
35 36
8 37
10 21
13 39
24 35
32 2
26 20
16 6
6 2
11 12
33 5
22 41
21 17
21 9
40 43
22 20
12 34
5 22
22 5
43 42
28 17
35 27
12 22
23 14
3 32
9 18
25 31
35 1
37 36
41 39
3 4
12 41
15 25
32 13
44 31
41 37
31 23
14 30
31 4
20 7
33 17
8 14
44 44
3 23
12 18
32 31
30 37
20 18
10 22
42 28
44 24
11 36
29 27
32 19
21 31
45 39
18 24
45 5
11 18
39 43
38 37
1 5
33 29
29 31
39 36
11 31
2 31
14 22
9 25
28 7
40 25
2 38
9 22
15 31
21 44
32 27
43 2
47 5
38 2
18 8
38 12
12 40
44 22
14 26
22 6
33 30
27 33
44 35
43 39
13 24
24 36
30 22
23 43
29 3
22 16
20 27
44 29
17 9
14 23
10 16
25 2
47 29
16 30
11 33
27 17
33 2
36 21
42 10
19 10
44 42
32 44
4 3
11 1
23 8
43 18
2 3
40 5
34 4
2 1
28 28
20 26
42 23
45 1
22 11
9 6
4 12
9 26
46 43
3 34
26 4
28 41
39 3
23 13
1 40
35 39
39 25
11 2
16 26
47 32
27 7
42 15
35 9
39 44
5 1
26 8
22 17
36 23
19 11
23 6
44 27
31 43
8 18
38 1
21 24
32 20
37 31
17 4
24 17
16 34
42 21
17 24
44 16
26 39
16 28
3 13
26 10
32 25
10 41
4 1
19 39
18 23
40 33
47 33
41 17
3 27
6 17
26 30
26 13
26 43
9 35
41 5
12 3
39 20
47 34
46 30
11 7
39 15
23 22
3 26
4 19
10 25
37 40
5 6
24 6
29 8
39 42
38 28
15 44
3 18
20 1
18 25
47 10
25 33
46 41
42 17
46 39
10 17
41 35
19 14
17 5
32 42
43 13
29 15
4 6
10 1
46 38
23 21
27 25
21 4
12 9
35 41
26 24
31 3
43 34
43 29
15 34
36 9
33 25
41 14
8 6
9 10
24 32
46 10
37 3
23 31
46 25
42 20
21 41
43 36
4 38
35 14
44 18
18 4
22 30
19 1
19 38
14 28
20 9
35 4
23 3
5 25
22 13
8 30
41 32
45 23
40 41
20 21
18 20
28 13
37 4
46 34
6 1
6 14
17 39
17 36
20 17
38 8
31 27
43 22
19 23
1 2
40 10
33 11
1 9
37 26
33 16
16 33
16 32
1 15
46 32
30 31
10 31
18 39
32 36
3 10
21 10
21 15
31 39
38 43
13 28
16 10
22 9
37 42
17 32
9 15
24 42
34 37
42 40
9 33
28 16
23 36
4 25
26 14
17 11
36 37
43 21
26 40
40 11
24 16
45 30
30 12
38 16
2 25
37 22
32 17
12 30
6 20
22 35
19 12
12 33
11 21
10 4
4 27
34 24
42 39
24 3
8 32
25 34
17 13
32 32
7 40
37 9
40 38
27 2
11 30
1 11
15 21
43 11
22 24
25 1
34 26
34 11
31 15
47 36
22 23
26 17
7 30
31 30
39 26
4 39
22 44
43 31
38 20
43 16
31 19
26 5
8 2
16 22
17 15
40 19
25 23
34 22
13 20
36 2
32 40
26 33
10 32
21 2
18 21
1 8
28 35
18 41
39 30
6 3
32 9
32 24
4 13
41 38
24 8
22 14
34 19
40 34
8 10
47 1
38 10
2 4
30 19
23 35
5 40
18 13
14 24
5 9
19 42
31 5
46 20
19 8
35 25
23 10
6 7
46 1
34 12
45 36
19 5
47 42
24 44
27 37
26 2
29 35
35 37
6 23
34 32
26 12
34 31
31 6
27 8
1 4
2 11
16 15
25 26
2 41
33 15
15 42
12 44
19 19
33 21
30 2
18 3
31 40
35 20
5 41
16 44
2 35
30 13
39 12
7 18
21 34
18 28
33 18
25 27
40 1
27 16
5 18
40 36
20 8
10 28
38 6
33 28
2 12
19 15
20 30
25 17
32 29
43 12
7 39
8 36
2 36
12 32
14 18
14 4
40 35
14 31
35 15
30 40
44 34
