40 49 1598
0 0 0 0 0 0 0 0 0 0 0 0 0 0 1 0 0 0 0 0 0 0 0 0 0 0 0 0 0 0 0 0 0 1 0 0 0 0 0 0 0 0 0 0 1 0 0 0 0
0 0 0 0 0 0 0 0 1 0 0 0 0 0 1 1 0 0 0 1 0 0 0 0 0 0 0 0 0 0 0 0 1 1 0 0 0 0 0 0 0 0 0 0 0 1 1 0 0
0 0 0 0 0 0 0 0 1 1 1 0 1 1 1 0 0 0 0 1 0 0 0 0 0 0 0 0 0 0 0 0 1 0 1 0 0 1 0 0 0 0 0 0 0 0 0 1 1
0 0 0 0 0 1 1 1 0 0 1 0 0 1 0 1 1 1 1 1 0 0 0 0 0 0 0 0 0 0 0 0 1 1 1 0 1 0 1 0 0 0 0 0 0 0 0 0 1
0 0 0 0 0 1 1 0 0 0 1 0 1 0 0 0 0 0 0 0 1 0 0 0 0 0 0 0 0 0 0 0 1 0 0 1 0 1 0 0 1 0 0 0 0 0 0 1 0
0 0 0 0 0 0 0 1 0 0 0 1 0 0 0 0 0 0 0 0 0 1 0 0 0 0 0 0 0 0 0 0 1 1 1 0 0 0 0 1 0 1 1 0 0 0 1 1 0
0 0 0 0 0 1 1 0 1 0 0 0 0 0 0 0 0 0 0 0 0 0 1 0 0 0 0 0 0 0 0 0 1 0 0 0 0 0 0 1 0 0 0 1 0 1 0 1 1
0 0 0 0 0 1 0 1 1 0 0 0 0 0 0 0 0 0 0 0 0 0 0 1 1 1 0 0 0 0 0 0 1 0 0 0 1 0 0 1 0 0 1 1 1 1 1 0 1
0 0 0 0 0 0 1 1 0 1 0 0 0 0 0 0 0 0 0 0 0 1 1 0 1 1 1 0 0 0 0 0 0 1 0 1 0 1 1 1 1 1 0 0 0 1 1 0 1
0 0 0 0 0 0 1 0 1 0 0 0 0 0 0 0 0 0 0 0 1 0 1 1 1 0 0 0 0 0 0 0 0 0 1 1 0 0 0 1 0 0 0 0 1 0 0 0 1
0 0 0 0 1 1 0 0 0 0 0 0 0 0 0 0 0 0 0 0 0 1 1 0 1 1 0 0 0 0 0 0 0 0 1 1 0 0 0 1 0 0 0 0 0 1 1 1 0
0 0 1 1 0 0 0 0 0 0 0 0 0 0 0 0 0 0 0 0 0 0 0 1 0 1 0 0 0 0 0 0 0 0 1 0 0 1 1 0 0 0 0 0 0 0 0 1 0
0 0 1 1 0 0 0 0 0 0 0 0 0 0 0 0 0 0 1 1 0 0 0 0 1 1 0 0 0 0 0 0 0 0 0 0 0 1 0 0 0 0 0 0 0 0 1 0 0
0 0 0 0 1 0 0 1 0 0 0 0 1 1 1 0 0 1 0 0 1 1 1 1 0 1 0 0 0 0 0 0 1 1 1 1 1 0 0 0 0 0 0 0 0 0 1 0 1
0 0 0 0 1 0 1 0 1 0 0 1 0 1 0 1 0 1 0 1 1 0 1 1 0 0 0 0 0 0 0 0 1 0 0 0 0 0 0 0 0 0 0 0 0 0 0 1 0
0 0 0 1 0 1 0 1 0 0 0 1 1 0 0 1 1 1 1 0 0 1 0 0 0 0 0 0 0 0 0 0 1 1 0 0 0 0 0 0 0 0 0 0 0 0 0 0 0
0 0 0 0 1 1 1 0 0 0 0 1 0 0 0 0 0 0 0 0 0 1 0 0 0 0 0 0 0 0 0 0 0 0 1 0 0 0 0 0 0 0 0 0 0 0 0 0 0
0 0 0 1 0 1 0 1 0 1 1 0 1 0 0 0 0 0 0 0 0 0 1 0 0 0 0 0 0 0 0 0 0 1 1 1 0 0 0 0 0 0 0 0 0 0 0 0 0
1 1 1 0 1 1 0 1 1 0 0 1 0 0 0 0 0 0 0 0 0 1 1 0 0 0 0 0 0 0 0 0 0 0 0 0 1 0 0 0 0 0 0 0 0 0 0 0 0
1 1 0 1 0 1 1 0 0 0 0 0 0 0 0 0 0 0 0 0 1 0 0 0 0 0 0 0 0 0 0 0 0 0 0 0 1 0 0 0 0 0 0 0 0 0 0 0 0
0 0 1 0 1 0 0 0 0 0 0 0 0 0 0 0 0 0 0 1 0 0 0 0 0 0 0 0 0 0 0 0 0 1 1 1 0 0 0 0 0 0 0 0 0 0 0 0 0
0 0 1 0 0 0 0 0 0 0 0 0 0 0 1 0 0 0 0 1 0 0 0 0 0 0 1 1 0 0 0 0 0 1 0 0 0 0 0 0 0 0 0 0 0 0 0 0 0
0 0 1 0 0 0 0 0 0 0 0 0 0 1 0 1 1 0 1 1 1 0 0 0 1 1 0 0 1 1 0 0 0 1 0 0 0 0 0 0 0 0 0 0 0 0 0 0 1
0 1 1 1 1 0 0 0 0 0 0 0 0 1 0 1 0 1 0 1 0 1 1 1 0 0 0 0 1 0 0 0 0 1 0 0 0 0 0 0 0 0 0 0 0 0 0 1 0
0 1 0 0 0 1 0 0 0 0 0 0 1 0 1 1 1 1 1 0 0 0 0 0 0 0 0 0 0 1 1 0 1 1 1 0 1 0 0 0 0 0 0 0 0 0 0 1 0
0 0 0 0 0 1 0 0 1 1 1 1 0 1 1 0 1 0 0 0 0 0 1 0 0 0 0 0 0 0 1 0 0 0 0 1 0 1 0 0 0 0 0 0 0 0 0 1 0
0 0 0 0 0 1 0 1 0 0 0 0 0 0 0 0 1 0 0 1 0 1 0 1 0 0 0 0 0 0 1 0 0 0 0 0 0 1 0 0 0 0 0 0 0 0 0 0 1
0 0 0 0 1 1 1 0 0 0 0 0 0 0 0 1 0 0 1 0 1 0 1 0 0 0 0 0 0 0 1 0 0 0 0 0 0 0 1 0 0 0 0 0 0 0 0 1 0
0 0 0 0 0 0 0 0 0 0 0 0 0 0 0 0 1 0 0 1 0 0 0 0 0 0 0 0 0 0 1 0 0 0 0 1 1 1 0 0 0 0 1 1 1 1 1 0 1
0 0 0 0 0 0 0 0 0 0 0 0 0 0 0 1 0 1 1 1 0 0 0 0 0 0 0 0 0 0 0 1 1 1 1 0 0 1 1 0 0 1 0 0 0 0 1 0 0
0 0 0 0 0 0 0 0 0 0 0 0 0 0 1 1 1 0 0 0 1 0 0 0 0 0 0 0 0 0 0 0 0 1 1 1 1 0 0 1 1 0 0 0 0 0 0 0 0
0 0 0 0 0 0 0 0 0 0 0 0 0 0 1 0 0 0 0 0 1 1 0 0 0 0 0 0 0 0 0 0 0 0 1 0 0 0 0 1 1 0 0 0 0 0 0 0 0
0 0 0 0 0 0 0 0 0 0 0 0 0 0 0 0 0 0 0 1 1 0 1 0 0 0 0 0 0 0 0 0 0 1 0 0 0 0 0 0 0 0 0 0 0 0 0 0 0
0 0 0 0 0 0 0 0 0 0 0 0 0 0 0 0 1 1 1 0 0 1 0 0 0 0 0 0 0 0 0 0 0 1 0 0 0 0 0 0 0 0 0 0 0 0 0 0 0
0 0 0 0 0 0 0 0 0 0 0 0 0 0 0 0 1 0 0 0 1 1 0 0 0 0 0 0 0 1 1 1 1 1 0 0 0 0 0 0 0 0 0 0 0 0 0 0 0
0 0 0 0 0 0 0 0 0 0 0 0 0 0 0 0 1 1 1 1 0 0 1 0 0 0 0 0 1 0 0 0 0 1 0 0 0 0 0 0 0 0 0 0 0 0 0 0 0
0 0 0 0 0 0 0 0 0 0 0 0 0 0 0 0 0 0 0 0 0 1 0 0 0 0 0 0 1 0 0 0 0 0 0 0 0 0 0 0 0 0 0 0 0 0 0 0 0
0 0 0 0 0 0 0 0 0 0 0 0 0 0 0 0 0 0 0 0 0 1 0 0 0 0 0 1 0 0 0 0 0 0 0 0 0 0 0 0 0 0 0 0 0 0 0 0 0
0 0 0 0 0 0 0 0 0 0 0 0 0 0 0 0 0 0 0 0 0 1 1 0 0 0 1 0 0 0 0 0 0 0 0 0 0 0 0 0 0 0 0 0 0 0 0 0 0
0 0 0 0 0 0 0 0 0 0 0 0 0 0 0 0 0 0 0 0 1 1 0 1 0 0 1 0 0 0 0 0 0 0 0 0 0 0 0 0 0 0 0 0 0 0 0 0 0
0 0 0 0 0 1 0 0 0 0 0 0 0 0 0 0 1 0 0 0 0 0 0 1 1 0 0 1 1 0 1 0 0 0 0 0 1 0 1 0 1 0 0 0 0 0 1 0 1
0 0 0 0 0 1 0 1 1 1 1 0 0 0 0 0 0 1 0 0 0 1 1 1 1 1 1 1 0 1 0 0 0 0 0 1 0 1 0 1 0 0 0 0 0 0 1 0 1
0 1 0 0 0 0 1 0 0 0 1 0 0 1 0 0 0 1 0 0 0 1 1 0 0 1 0 1 0 1 1 1 0 0 0 1 1 0 1 0 1 0 0 0 0 0 0 1 0
1 0 1 0 0 0 0 0 1 0 0 1 0 1 1 1 0 1 0 0 0 1 1 0 0 0 1 0 1 0 0 1 0 0 0 1 0 1 0 1 0 1 0 0 0 1 1 0 0
1 0 1 0 0 0 0 1 0 1 0 0 1 0 1 1 1 0 0 0 0 1 0 1 1 1 1 0 0 1 0 1 0 0 0 1 1 1 1 1 0 1 0 0 1 0 0 1 1
0 1 1 0 1 1 1 0 1 0 0 0 0 1 0 0 0 1 0 0 1 0 0 0 0 0 0 1 1 0 0 0 0 0 0 1 1 0 1 1 0 1 1 0 1 0 0 1 0
0 1 0 1 0 0 0 0 1 0 1 1 1 1 0 1 1 0 0 1 0 1 0 0 0 0 0 1 0 0 0 0 0 0 0 0 1 0 1 0 1 0 0 1 1 0 0 1 0
1 0 0 0 0 0 0 0 0 1 1 0 1 1 1 1 1 1 1 1 0 1 0 0 0 0 1 0 1 0 0 0 0 0 0 0 0 1 0 1 0 1 1 1 0 0 0 1 0
1 0 0 0 1 0 0 0 0 0 0 1 0 0 0 0 0 0 0 1 1 0 1 0 0 0 0 1 0 0 0 0 0 0 0 0 0 1 1 0 0 0 0 1 0 0 0 0 0
0 1 0 1 0 1 0 0 0 0 0 1 1 1 0 0 0 0 0 0 0 1 0 0 0 0 0 1 0 0 0 0 0 0 1 1 1 0 0 0 0 0 1 0 1 0 1 1 0
1 0 0 1 0 0 1 0 0 0 1 1 0 0 1 0 0 0 1 0 1 0 0 0 1 1 0 1 0 0 0 0 0 1 0 0 0 0 0 0 0 0 1 1 0 1 0 0 1
0 1 1 0 1 1 0 1 0 1 0 0 0 0 1 0 0 1 0 1 0 1 0 1 0 0 1 1 1 0 0 0 0 1 0 0 0 0 0 0 0 0 1 0 1 0 1 0 0
0 1 1 0 1 1 1 0 1 0 1 0 1 1 0 0 1 1 1 0 0 1 1 1 1 1 0 0 1 0 0 0 0 1 0 0 0 0 0 1 1 1 0 0 0 1 0 1 0
0 1 0 1 1 0 1 0 1 1 0 1 0 0 1 1 0 0 0 0 0 0 0 0 1 0 0 0 0 1 1 1 1 0 1 0 0 1 0 1 0 0 0 0 0 0 1 0 0
0 0 1 0 1 1 0 1 0 1 1 0 1 1 1 1 0 1 1 1 1 0 0 1 1 1 0 0 0 0 0 0 0 0 1 0 1 0 1 0 0 0 0 0 0 1 0 1 1
1 0 1 1 1 1 0 0 0 0 0 1 1 0 0 1 1 0 0 0 1 0 0 0 0 0 1 1 0 0 0 0 0 0 0 1 0 1 0 1 0 0 0 0 1 0 1 0 0
0 1 0 0 0 0 0 0 0 0 0 1 1 0 0 1 0 0 0 0 1 0 0 0 0 0 1 0 1 0 0 0 0 0 0 0 1 0 0 1 0 0 0 0 1 1 1 1 0
0 0 0 0 0 0 0 0 0 0 1 0 0 0 1 0 0 0 0 1 0 0 0 0 0 0 1 0 1 1 0 0 0 0 0 1 0 1 1 1 1 1 0 1 0 0 0 1 0
0 0 0 0 0 0 0 0 0 0 1 1 1 1 0 0 0 0 0 1 0 0 0 0 0 0 0 1 1 0 1 0 0 1 1 0 1 0 0 0 0 0 1 1 0 0 0 0 0
0 0 0 0 0 0 0 0 0 0 0 1 1 0 0 0 0 0 0 0 1 1 0 0 0 0 0 1 1 0 0 1 1 0 1 0 1 0 0 0 0 0 1 1 0 0 0 0 0
0 0 0 0 1 0 0 0 0 0 0 0 1 0 1 1 1 1 1 0 0 1 0 0 0 0 0 0 0 0 0 0 0 0 0 1 0 1 0 0 0 0 0 0 0 0 0 0 0
0 0 0 1 0 1 0 0 0 0 0 0 0 1 1 0 0 0 0 1 1 1 0 0 0 0 0 0 0 0 0 0 0 0 0 0 1 1 0 0 0 0 0 0 0 0 0 0 0
0 0 0 1 0 1 1 1 1 0 0 1 1 0 0 0 0 0 0 0 0 0 0 0 0 0 0 0 0 0 0 0 0 0 0 0 0 1 0 0 0 0 0 0 0 0 0 0 0
0 0 0 1 0 0 0 0 0 1 1 0 1 1 0 0 0 0 0 0 0 0 0 0 0 0 0 0 0 0 0 0 0 0 1 1 1 0 1 0 0 0 0 0 0 0 0 0 0
1 0 0 1 0 0 0 0 0 1 0 0 1 1 0 0 0 0 0 0 0 0 0 0 0 0 0 0 0 0 0 0 0 0 1 0 0 0 1 0 0 0 0 0 0 0 0 0 0
0 1 1 1 1 0 0 0 0 0 0 0 1 1 0 0 0 0 0 0 0 0 0 0 0 0 0 0 0 1 1 1 0 1 0 0 0 0 0 1 1 0 0 0 0 0 0 0 0
0 0 0 0 0 0 0 0 0 0 0 1 0 0 1 0 0 0 0 0 0 0 0 0 0 0 0 0 0 1 1 0 1 0 0 0 0 0 0 0 0 1 1 0 0 0 0 0 0
0 0 0 0 0 0 0 0 0 1 1 0 0 0 0 1 0 0 0 0 0 0 0 0 0 0 0 0 0 0 1 1 1 0 0 0 0 0 0 0 0 0 1 0 0 0 0 0 0
0 0 0 0 0 0 0 0 1 0 0 0 0 0 0 1 0 0 1 1 0 0 0 0 0 0 0 0 0 0 0 0 0 1 0 0 0 0 0 0 0 0 1 0 0 0 0 0 0
0 0 0 0 0 1 0 0 1 0 0 0 0 0 0 0 1 1 0 1 0 0 0 0 0 0 0 0 0 0 0 0 0 1 0 0 0 0 0 0 0 0 0 1 0 0 0 0 0
0 0 0 0 0 1 1 0 1 1 1 0 0 0 0 0 0 0 0 1 0 0 0 0 0 0 0 0 0 0 0 0 1 0 0 0 0 0 0 0 0 0 1 0 0 0 0 0 0
0 0 0 0 0 1 0 1 0 0 0 0 0 0 0 0 0 0 0 0 1 0 0 0 0 0 0 0 0 0 0 0 1 0 0 0 0 0 0 0 0 0 1 0 0 0 0 0 0
0 0 0 0 0 1 0 0 0 0 0 0 0 0 0 0 0 0 0 0 1 0 0 0 0 0 0 0 0 0 0 0 1 0 0 0 0 0 0 0 0 1 0 0 0 0 0 0 0
0 1 1 1 1 1 1 1 0 0 0 0 0 0 0 0 0 0 0 0 0 1 0 0 0 0 0 0 0 0 0 0 1 0 0 0 0 0 0 0 1 1 0 0 0 0 0 0 0
0 0 0 0 0 0 0 0 1 0 0 0 0 0 0 0 0 0 1 1 1 0 0 0 0 0 0 0 0 0 0 0 1 0 0 0 0 0 1 1 0 0 0 0 0 0 0 0 0
0 0 0 0 0 0 1 1 0 0 0 0 0 0 0 0 1 1 0 0 1 0 0 0 0 0 0 0 0 0 0 0 0 1 0 0 0 1 0 0 0 0 0 0 0 0 0 0 0
0 0 0 0 0 0 1 1 0 0 0 0 0 0 1 1 0 0 0 0 0 0 0 0 0 0 0 0 0 0 0 0 0 1 1 0 0 0 1 0 0 0 0 0 0 0 0 0 0
0 0 0 0 1 1 1 0 1 0 0 0 0 1 0 0 0 0 0 0 0 0 0 0 0 0 0 0 0 0 0 0 0 0 0 1 0 1 1 0 0 0 0 0 0 0 0 0 0
0 0 0 0 1 0 0 1 0 0 0 0 0 1 0 0 0 0 0 0 0 0 0 0 0 0 0 0 0 0 0 0 0 0 0 1 1 0 0 0 0 0 0 0 0 0 0 0 0
0 0 0 0 1 0 1 0 1 0 0 0 0 1 0 0 0 0 0 0 0 0 0 0 0 0 0 0 0 0 0 0 0 0 0 0 0 0 0 0 0 0 0 0 0 0 0 0 0
19 33
6 25
17 30
12 1
24 28
17 43
13 26
21 48
39 8
20 11
33 23
39 22
29 21
37 43
28 41
12 19
25 20
22 45
37 18
34 18
14 35
32 28
21 47
23 41
36 33
31 38
16 45
28 44
26 1
33 9
12 42
29 37
1 46
13 22
40 12
14 1
1 21
11 41
10 13
34 44
36 48
19 37
40 31
3 34
3 23
5 41
3 22
5 27
30 40
12 29
24 3
37 8
7 13
22 16
4 18
13 29
1 8
20 28
1 39
6 2
28 5
37 12
5 47
18 10
22 21
6 20
4 48
12 6
1 32
13 7
30 6
31 48
33 26
18 5
37 31
39 34
12 38
38 22
34 49
21 22
23 21
21 31
40 46
31 35
7 46
38 4
12 4
23 9
18 25
1 18
16 4
10 16
2 24
2 2
13 5
10 35
13 30
15 1
19 43
34 36
10 3
14 5
18 24
2 20
5 18
34 31
21 10
9 29
9 47
10 47
40 23
9 5
8 25
25 36
8 4
9 7
19 6
26 33
8 49
5 2
34 41
20 18
1 10
23 34
7 10
3 27
26 35
24 42
20 2
15 21
1 3
38 20
33 37
12 25
1 42
26 20
32 1
22 13
30 8
3 4
12 9
36 43
23 47
15 2
14 17
7 1
15 22
29 2
26 14
26 43
8 13
27 11
18 4
5 29
20 4
16 25
12 5
6 21
4 38
2 6
38 9
24 31
12 46
26 38
15 43
32 22
40 19
16 12
28 26
1 45
8 23
23 2
24 25
30 44
2 28
36 22
17 31
21 17
34 40
20 13
22 12
39 5
7 8
1 26
10 1
1 17
7 22
3 26
27 23
14 2
37 23
4 46
27 6
36 2
29 38
35 33
9 39
12 49
7 47
21 35
13 36
34 13
25 49
26 4
21 15
16 11
35 31
39 10
31 34
40 29
18 26
38 48
3 49
24 47
20 45
32 44
11 10
10 38
20 30
29 1
17 14
13 18
10 17
35 12
30 37
25 24
4 4
14 13
40 17
15 17
36 9
33 13
33 41
12 13
8 2
8 10
1 6
27 19
21 26
31 18
26 22
37 39
20 17
2 26
34 28
18 42
18 40
31 43
25 42
6 6
13 31
5 1
24 10
1 15
7 45
14 46
5 44
29 14
30 46
3 41
23 36
26 5
2 34
2 37
22 47
38 21
29 20
14 18
28 16
24 29
10 30
30 31
11 16
6 48
8 36
6 34
1 29
14 4
30 42
11 35
11 9
18 47
21 45
18 15
4 22
3 21
25 27
9 25
4 9
9 6
15 38
5 45
38 40
2 42
3 35
31 44
13 2
19 2
27 1
11 30
27 37
20 34
15 28
27 12
14 42
2 47
16 27
11 22
40 44
1 36
16 49
7 27
13 46
33 16
40 36
26 42
39 45
36 39
13 25
18 30
16 15
28 25
30 34
22 33
33 6
2 18
37 27
25 34
25 25
38 45
22 32
37 36
3 43
39 19
26 48
32 17
31 32
22 19
4 8
12 28
38 31
10 39
5 37
29 46
22 26
20 8
27 2
36 38
10 37
19 39
35 13
15 23
25 16
10 22
12 48
15 12
23 11
13 49
31 16
24 35
11 26
2 13
3 31
10 14
10 25
24 12
36 31
26 8
1 7
18 13
16 44
35 1
10 27
40 8
4 29
36 42
3 24
12 33
10 15
25 28
13 34
8 8
38 38
27 22
9 49
16 23
27 20
34 4
29 26
11 1
37 5
8 32
34 33
32 20
31 1
35 46
30 16
26 47
33 18
19 16
10 28
29 33
38 15
23 13
20 42
37 25
14 26
2 48
19 5
36 17
1 22
6 40
4 14
24 44
8 48
2 21
21 27
15 40
35 7
20 40
17 24
40 33
16 41
36 35
36 34
18 11
15 37
30 7
6 9
14 21
24 46
7 44
23 38
8 45
25 12
37 11
7 26
39 48
22 20
23 43
16 14
6 10
35 36
28 23
5 33
7 16
15 10
30 24
17 32
21 20
21 18
4 12
18 27
27 18
17 3
28 11
5 21
33 17
30 49
2 25
9 44
13 13
31 36
10 11
30 14
2 27
39 21
38 24
19 27
26 25
18 21
36 5
36 3
5 20
4 47
39 24
3 29
34 48
40 47
21 43
28 38
7 18
37 45
32 5
8 41
22 31
33 35
24 1
4 1
4 5
23 22
11 5
6 4
24 2
37 46
6 47
35 48
39 46
3 2
3 15
25 23
40 6
14 44
9 13
8 7
16 8
33 5
9 41
18 49
29 16
24 4
40 25
13 19
27 28
22 3
7 39
38 23
25 47
2 19
9 16
11 31
10 40
13 4
29 18
9 32
14 43
34 26
20 19
34 22
40 43
21 23
22 40
19 34
26 26
31 6
32 15
32 29
24 8
3 39
10 29
9 18
13 17
28 22
37 17
39 20
38 47
3 47
14 39
30 30
25 21
18 7
26 13
40 9
2 1
28 31
22 9
23 19
8 42
21 28
2 11
36 44
24 5
10 44
16 10
2 41
39 28
14 3
15 15
30 28
7 40
4 44
19 22
27 3
9 38
25 17
20 29
8 3
26 28
25 4
23 30
2 12
17 9
2 9
18 20
15 46
1 33
28 3
11 19
26 12
13 9
33 24
33 42
19 9
15 34
12 22
40 1
38 43
37 13
24 37
33 48
4 24
12 18
27 33
23 44
22 23
17 6
28 2
30 33
19 30
11 4
9 46
15 4
40 28
29 3
5 36
10 43
2 7
38 33
8 38
27 44
23 14
16 46
14 16
3 10
22 37
21 33
38 25
11 24
16 42
17 40
1 16
9 10
11 45
9 4
15 26
7 48
13 14
19 36
10 46
7 15
26 10
33 10
18 38
5 25
34 20
10 9
14 23
33 14
25 29
8 1
22 27
32 2
27 29
30 20
27 35
11 11
27 38
10 49
8 24
38 3
17 2
1 20
21 49
17 11
36 1
20 3
39 17
10 48
9 17
26 46
25 35
7 4
11 42
19 40
15 30
29 48
33 29
28 47
11 27
10 32
24 11
6 30
21 41
35 10
25 39
30 32
23 49
6 5
24 13
31 4
20 15
37 16
34 37
4 37
25 10
25 43
38 46
28 39
24 16
5 31
13 38
7 43
4 16
5 13
25 13
7 25
10 42
29 34
16 16
15 13
16 32
10 8
11 6
36 26
27 48
17 36
37 24
21 37
34 29
27 4
40 34
8 16
16 22
40 4
29 10
9 3
39 23
36 32
11 47
22 43
37 33
26 40
40 48
25 26
13 39
19 4
24 40
18 8
27 16
9 24
1 9
32 46
17 29
3 8
1 40
40 13
18 43
34 16
7 23
9 28
14 33
18 1
4 30
15 7
17 15
27 7
28 43
40 11
19 26
1 30
16 30
19 38
28 24
19 25
36 4
40 7
35 45
3 32
24 43
12 36
40 39
35 24
20 7
17 49
33 33
6 29
9 43
34 17
8 30
20 35
29 40
38 5
40 24
5 26
15 45
38 41
8 14
30 13
11 36
24 26
38 10
32 3
27 8
31 24
1 31
14 8
31 13
31 26
34 45
30 12
16 36
35 4
15 5
7 41
20 23
40 42
8 46
17 1
8 5
11 14
8 33
28 6
14 27
20 48
15 42
7 12
10 12
25 7
11 25
13 21
33 39
39 9
28 10
20 31
35 41
21 16
9 45
35 38
25 44
20 46
34 25
18 48
17 41
28 17
35 49
6 32
31 12
26 7
12 26
18 41
6 27
2 29
39 40
11 2
38 16
6 15
1 19
30 39
6 33
16 26
10 19
22 5
32 32
34 8
12 27
21 8
38 37
15 36
9 11
34 34
40 18
34 1
36 15
36 25
8 18
32 30
28 34
15 11
4 7
31 49
26 2
29 28
5 8
28 35
37 15
17 42
39 41
29 27
36 37
22 15
23 20
31 23
17 4
17 7
2 35
9 26
39 43
15 39
17 10
5 46
22 4
2 30
7 31
13 42
1 1
22 28
16 38
32 49
37 37
38 6
37 48
28 45
23 37
35 44
33 25
17 18
25 18
17 46
35 6
17 28
23 27
16 2
13 10
7 20
34 11
20 9
28 15
25 3
23 45
17 25
5 22
32 41
15 19
25 46
20 44
28 33
31 30
33 3
8 47
30 29
20 16
39 42
28 13
12 37
8 31
16 43
32 26
10 2
12 39
33 8
4 10
17 38
4 33
16 18
7 5
39 37
3 36
22 24
30 10
4 20
21 32
12 14
38 39
37 41
2 23
19 41
28 36
40 15
33 12
37 7
35 3
11 18
26 23
2 16
35 14
24 9
6 19
4 32
11 20
37 40
36 27
20 10
14 15
15 14
39 35
6 13
8 39
6 16
10 20
19 18
27 25
23 26
32 36
2 4
39 31
23 24
28 49
30 47
28 42
22 10
36 40
12 8
20 12
23 29
35 2
17 44
5 15
35 22
36 20
7 19
4 31
27 21
13 16
29 22
35 19
21 24
29 32
25 22
19 44
16 1
24 22
27 31
19 13
31 11
18 28
20 49
5 5
20 27
35 9
33 2
10 24
23 32
29 6
30 48
4 42
28 7
16 9
6 17
27 45
32 34
32 11
39 4
28 32
38 32
11 48
30 9
21 4
26 11
5 9
37 4
31 29
1 5
35 29
5 32
22 39
40 37
24 27
22 44
4 2
28 37
29 29
9 20
3 1
6 22
11 38
18 2
2 31
6 37
18 9
21 19
35 42
6 1
6 42
5 3
33 7
37 14
20 1
35 25
5 43
5 6
24 48
39 14
22 48
8 9
6 36
1 12
36 47
12 34
22 2
33 27
38 28
9 30
35 43
12 31
3 30
39 2
36 24
26 15
22 34
25 45
17 13
24 49
27 39
37 3
13 44
21 38
14 6
3 37
34 47
8 34
38 1
30 26
2 5
30 25
37 35
8 22
17 21
6 41
12 30
39 39
5 48
15 33
37 1
22 7
15 31
28 46
27 17
31 17
33 20
24 21
19 19
23 40
16 34
27 36
32 23
24 17
15 29
28 21
37 28
34 6
31 3
7 49
3 7
12 11
34 9
14 34
22 46
27 10
22 29
4 49
19 45
8 40
4 40
36 18
28 48
32 7
25 32
29 47
12 45
24 18
29 39
10 45
16 13
24 38
35 17
11 7
7 17
37 2
30 2
33 34
36 19
20 14
11 21
40 3
39 49
4 13
31 10
31 37
2 10
32 19
32 12
20 20
31 14
32 39
16 39
18 23
4 28
31 28
4 17
35 8
24 33
3 18
17 19
27 43
6 45
34 5
40 30
18 46
12 43
10 31
35 27
13 43
12 10
33 11
4 27
15 9
19 32
17 16
11 3
19 48
36 12
37 49
28 27
33 1
19 31
30 17
9 21
34 30
24 34
9 1
2 39
27 9
40 38
13 23
38 44
38 27
25 48
29 30
9 35
6 18
23 16
34 46
16 24
12 17
38 29
19 28
2 45
7 30
25 38
29 24
22 8
29 13
3 45
6 49
1 11
7 11
38 36
17 27
36 10
20 47
15 27
22 1
4 36
19 46
27 26
4 3
40 45
12 16
2 14
10 21
4 34
21 29
14 48
16 28
29 5
16 37
39 32
7 28
36 8
11 43
34 39
33 19
35 37
10 33
38 8
35 5
37 26
13 3
29 49
8 19
5 19
14 19
38 7
39 44
13 8
26 30
29 17
13 33
37 20
26 34
36 11
18 32
12 21
36 41
9 15
36 13
5 28
3 40
19 21
17 48
17 35
7 34
4 21
36 21
10 41
16 6
1 23
17 8
6 7
35 15
13 47
36 23
35 23
34 19
5 39
14 38
16 20
21 42
14 11
12 3
38 12
20 33
13 35
20 22
4 41
24 19
38 2
5 35
1 28
39 26
5 40
24 14
30 21
16 40
4 35
14 30
19 7
3 3
26 37
24 30
10 26
39 7
26 16
17 5
19 14
30 19
25 33
8 29
37 30
34 42
8 20
14 36
24 36
33 22
19 11
16 3
8 28
17 45
21 9
2 22
13 27
12 41
2 17
30 35
32 21
19 10
25 40
32 47
24 23
16 33
8 17
15 6
31 20
35 28
32 16
32 45
38 19
10 5
35 11
17 47
18 19
8 21
13 11
6 43
38 17
32 35
11 17
16 47
4 11
30 3
4 26
21 3
12 15
38 18
19 12
25 19
32 10
7 3
14 7
27 32
22 11
12 2
25 30
30 41
18 14
23 18
21 7
23 28
29 36
1 38
5 4
2 33
34 12
37 21
13 45
19 29
26 31
1 14
35 16
25 37
39 16
19 3
33 47
36 14
2 8
22 38
30 1
40 26
37 9
37 34
40 41
39 13
20 43
24 20
8 27
28 18
38 35
40 35
5 42
31 45
19 20
31 46
21 14
14 14
22 30
26 45
1 27
14 47
39 18
29 42
34 7
39 29
32 13
17 34
2 43
34 23
13 6
13 12
19 42
25 11
39 27
9 33
4 43
35 26
12 32
15 44
14 40
11 37
21 2
14 28
27 27
29 43
23 4
11 32
14 41
32 38
25 41
40 5
9 9
23 15
11 23
26 39
3 17
30 22
4 15
2 15
35 35
6 35
27 40
28 20
38 30
26 17
9 36
22 17
29 19
30 45
1 4
37 29
24 15
27 30
5 34
33 28
39 38
20 26
37 42
9 2
25 15
2 32
1 48
40 20
15 35
23 23
29 12
11 28
23 35
18 12
23 8
32 37
23 5
6 31
6 24
6 11
21 44
20 6
7 42
26 19
39 1
3 48
14 45
1 49
29 7
12 44
36 29
3 16
31 33
12 35
31 7
27 24
15 41
32 25
11 15
17 26
40 27
5 30
36 16
2 40
11 44
11 29
24 39
39 3
16 35
14 29
14 32
1 2
15 48
34 21
38 14
30 43
31 31
10 36
13 1
2 49
31 42
22 42
22 25
7 33
28 9
8 44
23 46
28 19
26 36
24 24
35 20
18 45
26 49
1 24
23 33
5 12
40 14
2 3
5 16
22 22
33 15
7 38
2 36
21 13
17 23
9 8
39 12
36 7
33 46
37 6
28 1
29 15
39 47
38 13
15 20
39 36
36 46
27 34
6 3
13 37
1 34
26 29
30 11
38 11
32 40
21 46
