41 41 1478
0 0 0 0 0 0 0 0 1 0 0 0 0 0 1 0 0 0 0 0 0 0 0 0 0 0 1 0 1 0 0 0 0 0 0 0 0 0 0 1 0
0 0 0 0 0 0 0 0 1 0 1 0 1 1 1 0 0 0 0 1 1 1 1 0 0 1 0 1 0 1 0 0 0 0 0 0 0 0 0 1 0
0 0 0 0 0 0 0 0 0 1 0 1 0 1 1 1 1 0 1 0 0 0 1 1 1 0 0 0 1 0 0 0 0 0 0 0 1 1 1 0 0
0 0 0 0 0 0 0 0 0 0 0 0 0 0 0 1 0 1 0 0 0 1 0 1 0 0 1 0 1 0 0 0 0 0 0 1 0 0 0 0 0
1 1 0 0 0 0 0 0 0 0 0 0 0 0 0 1 0 0 0 0 0 0 1 0 1 1 0 1 1 0 0 0 0 0 1 0 0 1 1 0 0
0 0 1 0 0 0 0 0 0 0 0 0 0 0 0 1 1 0 0 0 0 0 0 1 0 1 0 1 1 0 0 0 0 0 0 1 1 0 0 1 0
0 1 0 0 0 0 0 0 0 0 0 0 1 1 1 1 0 1 0 0 0 0 0 0 0 1 0 1 1 0 0 0 1 1 1 1 1 1 1 1 0
0 1 1 0 1 1 1 0 0 0 0 1 0 0 1 0 1 0 0 0 0 0 0 0 0 0 1 1 0 0 0 1 0 0 0 0 0 0 0 0 0
1 0 0 1 0 1 0 1 0 0 0 1 0 0 1 0 0 0 0 0 0 0 0 0 0 0 0 1 0 0 0 1 0 0 0 0 0 0 0 0 0
0 0 0 0 0 0 1 1 0 1 0 1 1 1 0 1 0 0 0 0 0 0 0 0 0 0 0 0 1 0 1 0 0 0 0 0 0 0 0 0 0
0 0 0 0 0 0 0 0 1 0 1 0 0 1 1 0 0 0 0 0 0 0 0 0 0 0 0 0 1 1 1 0 0 0 0 0 0 0 0 0 0
0 0 0 0 0 0 1 1 1 0 1 0 1 0 1 0 0 1 0 0 0 0 0 0 0 0 0 1 0 0 1 1 0 0 0 0 0 0 0 0 0
0 0 0 0 0 0 1 1 1 0 1 0 1 0 0 1 1 0 1 0 0 0 0 0 0 0 0 1 0 1 0 0 1 1 0 0 0 0 0 0 0
0 0 0 0 0 1 1 0 1 1 1 1 1 0 0 1 0 1 0 0 0 0 0 0 0 0 0 0 1 0 0 0 1 0 0 0 0 0 0 0 0
0 0 0 1 0 1 0 1 1 0 0 1 1 0 1 1 1 0 0 0 0 0 0 0 0 0 0 0 1 0 0 1 0 0 0 0 0 0 0 0 0
0 0 1 0 1 1 0 0 0 1 1 0 1 1 0 0 1 1 0 1 1 0 0 0 0 0 1 1 0 1 1 0 0 0 0 0 0 0 0 0 0
0 0 1 0 1 0 1 1 0 1 1 0 1 1 0 0 1 0 1 0 0 1 0 0 0 1 0 0 0 0 1 0 0 0 0 0 0 0 0 0 0
0 1 1 0 0 1 0 1 1 0 0 1 0 1 0 1 0 1 0 1 1 0 1 1 1 0 0 0 0 0 1 0 0 0 0 0 0 0 0 0 0
1 1 0 1 1 0 1 0 0 0 0 0 0 0 1 1 0 0 0 0 0 0 0 0 0 0 0 0 0 0 0 1 1 0 0 0 0 0 0 0 0
0 1 1 1 0 0 0 0 0 0 0 0 0 0 0 1 0 1 0 0 0 0 0 0 0 0 0 0 0 0 0 0 0 1 1 0 0 0 0 0 0
0 1 1 0 1 1 1 0 0 0 0 0 0 0 1 0 1 0 1 0 0 0 0 0 0 0 0 0 0 0 0 0 0 0 1 0 0 0 0 0 0
1 0 0 1 0 0 0 1 0 0 0 0 0 0 0 1 1 0 1 0 1 1 0 0 0 0 0 0 0 0 0 0 1 0 1 0 0 0 0 0 0
0 0 0 0 0 1 1 0 0 0 0 0 0 0 1 0 1 1 0 1 0 0 1 0 0 0 0 0 0 0 0 1 0 1 1 0 0 0 0 0 0
0 0 0 0 0 1 0 0 0 0 1 0 0 0 1 0 1 0 0 0 1 1 0 0 0 0 0 0 1 0 0 0 1 0 1 0 0 0 0 0 0
0 0 0 0 0 1 0 0 0 1 0 1 0 0 0 1 0 0 0 0 0 0 0 0 0 0 0 1 0 1 1 0 0 0 1 1 0 0 0 0 0
0 0 0 0 1 0 0 0 0 0 1 0 0 0 0 0 1 0 0 0 0 0 0 0 0 0 1 0 1 1 0 1 1 1 0 0 1 1 1 0 0
0 0 0 1 0 1 0 0 0 0 0 0 0 0 1 1 1 0 1 0 0 0 0 0 0 0 0 1 1 1 0 1 0 1 1 1 0 0 0 1 0
0 0 0 0 1 0 1 1 0 1 1 1 0 1 0 0 1 1 0 1 0 0 0 0 1 1 1 1 0 0 0 0 0 1 0 0 0 0 0 0 1
1 1 1 1 0 1 0 0 1 0 0 0 1 0 1 0 0 1 1 0 1 1 1 1 0 0 0 0 0 0 0 0 1 0 0 0 0 0 0 0 0
1 0 0 0 0 1 1 0 0 0 0 0 1 1 1 0 0 1 0 1 0 0 0 0 0 0 0 0 0 0 0 0 1 0 0 0 0 0 0 0 0
0 1 0 0 1 0 1 0 0 0 0 0 0 0 0 0 0 1 0 0 0 0 0 0 0 0 0 0 0 0 0 0 1 0 0 0 0 0 0 0 0
0 0 1 1 0 0 1 0 0 0 0 0 0 0 0 0 0 0 0 0 0 0 0 0 0 0 0 0 0 0 0 0 1 1 0 0 0 0 0 0 0
0 0 1 0 1 1 1 0 0 0 0 0 0 0 0 0 0 0 0 0 0 0 0 0 0 0 1 1 1 1 1 1 0 0 1 0 0 0 0 0 1
0 0 1 0 1 0 1 0 0 0 0 0 0 0 0 0 0 0 0 0 0 0 0 0 0 0 0 0 0 1 1 0 0 1 1 0 0 0 0 1 0
0 1 0 0 0 1 1 1 0 0 0 0 1 1 0 0 0 0 0 0 0 0 1 1 1 1 1 1 1 0 0 1 1 0 0 1 0 0 0 1 0
0 1 0 0 0 0 0 0 1 1 0 0 1 1 0 0 0 0 1 1 1 0 1 0 0 0 0 0 1 0 0 1 0 1 1 0 0 0 0 1 0
1 0 0 0 0 0 0 0 0 0 1 0 0 1 1 1 1 1 0 0 0 1 0 0 0 0 0 0 0 1 0 1 1 1 1 1 0 1 1 1 1
0 0 0 0 0 0 0 0 0 0 0 1 1 1 1 0 0 0 0 0 0 0 0 0 0 1 0 1 1 0 1 0 0 0 0 0 1 0 0 0 0
1 0 1 0 0 0 0 0 0 1 1 0 0 0 0 1 1 0 1 0 0 0 0 0 1 0 1 0 1 1 1 0 0 0 0 0 1 0 0 0 0
0 1 0 1 0 0 0 1 1 0 0 0 0 0 0 1 0 1 0 1 0 0 0 0 0 1 1 1 0 1 0 1 0 0 0 0 0 1 0 0 0
1 0 1 0 0 0 1 0 0 0 0 0 0 0 0 1 0 0 1 0 1 0 0 0 0 1 0 0 0 1 0 1 0 0 0 0 0 1 0 0 0
0 0 0 0 0 0 0 0 0 0 0 0 0 0 0 0 0 0 0 0 0 0 0 0 0 0 0 0 1 1 0 0 0 0 0 1 0 0 0 0 0
0 0 0 0 0 0 0 0 0 0 0 0 0 0 0 0 0 0 0 0 0 0 0 0 0 0 0 0 1 1 1 1 1 1 0 1 0 0 0 0 0
0 0 0 0 0 0 0 0 0 0 0 0 0 0 0 0 0 0 0 0 0 0 0 0 0 0 0 0 0 0 1 0 0 0 1 0 0 0 0 0 0
0 0 0 0 0 0 0 0 0 0 0 0 0 0 0 0 0 0 0 0 0 0 0 0 0 0 0 0 0 0 1 0 0 0 0 1 1 0 0 0 0
0 0 0 0 0 0 0 0 0 0 0 0 0 0 0 0 0 0 0 0 0 0 0 0 0 0 0 0 0 1 1 1 0 0 0 1 1 0 0 1 1
0 0 0 0 0 0 0 0 0 0 0 0 0 0 0 0 0 0 0 0 0 0 0 0 0 0 0 0 0 1 0 0 1 0 1 0 0 1 1 0 0
0 0 0 0 0 0 0 0 0 0 0 0 0 0 0 0 0 0 0 0 0 0 0 0 0 0 0 0 1 1 1 1 1 1 0 0 0 0 1 1 0
0 0 0 0 0 0 0 0 0 0 0 0 0 0 0 0 0 0 0 0 0 0 0 0 0 1 1 1 0 0 0 0 0 0 0 0 1 1 0 0 1
0 0 0 0 0 0 0 0 0 1 1 1 1 0 0 0 0 0 0 0 0 0 0 0 0 1 0 0 0 0 0 0 0 0 0 1 0 1 1 0 1
0 0 0 0 0 1 1 1 0 1 0 0 0 1 1 1 1 0 0 0 0 0 0 0 0 1 0 0 0 0 0 0 0 0 0 0 1 0 0 1 0
0 0 0 0 1 0 0 1 1 0 0 0 0 1 1 0 1 0 0 0 0 0 0 0 0 0 1 0 0 0 0 0 0 0 0 0 0 0 0 1 1
0 0 0 0 0 1 1 0 1 0 0 0 1 0 0 0 1 0 0 0 0 0 0 0 0 0 1 0 0 0 0 0 0 0 0 0 0 0 1 0 0
0 0 0 0 0 1 0 1 0 0 0 0 0 1 1 1 0 1 0 0 0 0 0 0 0 0 1 1 1 0 0 0 0 0 0 0 0 0 0 1 0
0 0 0 0 0 1 0 0 0 0 0 0 0 0 0 0 0 1 0 0 0 0 0 0 0 0 1 0 0 1 0 0 0 0 0 0 0 0 1 0 0
0 0 0 0 0 1 0 0 0 0 0 0 0 0 0 0 0 1 1 0 0 0 0 0 0 0 1 0 0 1 0 0 0 0 0 0 0 0 1 0 0
0 0 0 0 0 1 0 0 0 0 0 0 0 0 0 0 1 0 0 1 0 0 0 0 0 0 0 0 0 0 1 0 0 0 0 0 0 0 1 0 0
0 0 0 0 0 1 0 0 0 0 0 0 0 0 0 0 0 1 0 1 0 0 0 0 0 0 0 0 0 0 1 0 0 0 0 1 1 1 1 0 0
0 0 0 0 0 1 0 0 0 0 0 0 0 0 0 0 0 0 1 1 0 0 0 0 0 0 0 1 0 0 0 1 0 1 1 0 0 0 0 0 0
0 0 0 1 0 0 1 0 0 0 0 0 0 0 0 0 0 0 0 1 0 0 0 1 1 1 1 0 1 0 1 0 1 0 0 0 0 0 0 0 0
0 0 1 0 1 1 1 0 0 0 0 0 0 0 0 0 0 0 1 0 1 1 0 0 0 1 0 0 1 0 1 1 1 0 0 0 0 0 0 0 0
0 0 0 1 0 0 0 1 1 0 0 0 0 0 0 0 0 1 0 0 0 1 1 1 0 1 0 0 0 1 1 0 0 0 0 0 0 0 0 0 0
0 0 1 0 0 0 0 1 0 1 0 1 1 0 0 0 1 1 0 0 1 1 0 0 1 0 0 0 0 0 1 0 0 0 0 0 0 0 0 0 0
0 1 0 0 0 0 0 1 1 0 1 0 0 1 0 1 1 0 1 1 1 0 1 0 0 0 0 0 0 0 1 0 0 0 0 0 0 0 0 0 0
0 1 0 0 0 0 0 0 1 1 1 0 0 0 1 1 0 1 0 1 0 1 0 0 0 0 0 1 0 1 0 0 0 0 0 0 0 0 0 0 0
0 1 0 0 0 0 0 0 1 0 1 0 0 0 0 0 0 1 1 0 0 0 0 0 0 0 0 1 1 0 1 0 0 0 0 0 0 0 0 0 0
1 0 0 0 0 0 0 0 1 0 0 1 0 0 0 0 0 1 0 0 0 0 0 0 1 1 1 0 0 1 0 0 0 0 0 0 0 0 0 0 0
1 0 0 0 0 0 0 0 0 0 0 1 0 0 0 1 1 0 0 0 0 0 0 1 0 0 0 0 0 0 1 1 1 1 1 1 0 0 0 0 0
0 1 0 0 0 0 0 0 0 0 0 0 1 0 0 1 1 0 0 1 0 1 0 0 1 0 0 0 0 0 0 0 0 1 0 1 1 0 0 0 0
1 0 0 0 0 0 0 0 0 0 0 0 0 1 1 0 0 1 1 0 1 0 1 0 0 1 0 0 0 0 0 0 1 0 1 0 0 1 0 0 0
1 1 1 0 0 0 0 0 0 0 0 0 1 1 1 0 0 0 0 0 0 0 1 0 1 0 1 1 0 1 1 1 1 1 0 0 0 0 1 0 0
0 0 0 1 0 0 0 0 0 0 0 1 0 0 0 0 0 0 0 0 0 0 0 1 0 0 1 0 1 0 0 0 0 0 0 0 0 0 1 0 0
0 0 0 1 0 0 0 0 0 0 0 1 1 0 0 0 0 0 0 0 0 0 0 1 0 0 0 1 0 0 0 0 0 0 0 0 0 0 1 0 0
0 0 0 0 1 0 0 0 0 0 1 0 0 0 0 0 0 0 0 0 0 0 0 1 1 0 0 0 0 0 0 0 0 1 0 0 0 0 1 1 0
0 0 0 1 0 1 1 1 1 1 0 0 0 0 0 0 0 0 0 0 0 0 0 0 0 1 0 0 0 0 0 0 1 0 1 1 0 1 0 0 0
0 0 0 0 1 0 0 0 0 0 0 0 0 0 0 0 0 0 0 0 0 0 0 0 0 1 0 0 0 0 0 0 0 1 1 0 1 1 0 0 0
0 0 0 0 1 0 0 0 0 0 0 0 0 0 0 0 0 0 0 0 0 0 0 0 0 1 0 0 0 0 0 0 0 0 1 1 0 1 0 0 0
0 0 0 0 0 0 0 0 0 0 0 0 0 0 0 0 0 0 0 0 0 0 0 0 1 0 0 0 0 0 0 0 0 1 0 0 1 0 0 0 0
0 0 0 0 0 0 0 0 0 0 0 0 0 0 0 0 0 0 0 0 0 0 0 1 0 1 1 1 1 1 0 0 0 1 0 0 0 0 0 0 0
0 0 0 0 0 0 0 0 0 0 0 0 0 0 0 0 0 0 0 0 0 0 0 1 1 0 0 0 0 0 1 1 1 1 0 0 0 0 0 0 0
0 0 0 0 0 0 0 0 0 0 0 0 0 0 0 0 0 0 0 0 0 0 0 0 0 0 0 0 0 0 0 0 0 0 0 0 0 0 0 0 0
0 0 0 0 0 0 0 0 0 0 0 0 0 0 0 0 0 0 0 0 0 0 0 0 0 0 0 0 0 0 0 0 0 0 0 0 0 0 0 0 0
34 33
35 38
17 2
31 10
15 32
34 36
29 12
29 34
12 31
38 38
36 41
37 40
20 32
41 28
34 14
33 41
5 39
22 10
28 38
35 12
34 30
3 14
4 27
8 33
11 16
28 33
16 10
2 20
13 37
9 19
37 28
38 12
38 40
38 29
7 16
23 24
5 11
15 25
1 13
22 11
17 21
9 29
13 18
10 23
13 9
5 37
32 9
1 20
3 22
5 32
23 34
36 3
6 25
4 20
13 13
41 2
29 4
3 40
28 7
29 10
10 29
6 17
22 37
29 27
3 17
13 4
20 9
41 30
29 3
40 33
11 17
12 6
8 25
26 8
35 41
40 10
39 16
36 40
8 36
23 3
16 41
33 2
32 37
11 35
15 9
40 6
4 11
39 24
29 37
7 4
9 22
20 13
26 38
32 21
38 24
27 2
26 27
28 29
14 6
40 15
5 27
11 3
36 6
32 40
21 6
5 13
16 26
11 32
7 19
15 18
16 3
11 5
20 10
26 4
8 5
34 10
8 23
17 3
21 3
7 13
38 4
23 8
36 30
37 3
17 38
5 12
38 36
14 18
4 5
1 37
3 2
30 34
18 32
10 6
14 12
21 15
29 20
24 7
18 14
1 15
36 24
33 7
21 5
8 35
31 6
1 39
14 35
5 34
26 3
27 29
14 28
10 10
32 2
19 6
5 40
23 29
41 4
9 25
30 30
38 27
14 33
27 41
18 38
27 16
31 12
6 22
1 14
22 5
35 33
21 29
20 34
3 3
38 33
6 21
39 3
37 7
11 40
17 4
15 28
10 32
24 20
20 11
20 7
37 41
27 13
36 32
22 25
9 2
22 16
8 9
27 34
19 7
13 34
41 5
30 31
35 24
2 2
25 13
2 23
6 33
14 25
3 34
39 6
14 1
30 32
32 6
33 15
20 14
7 29
5 33
17 35
15 27
28 19
24 13
4 35
27 11
2 27
28 15
16 12
20 12
27 35
31 18
39 7
15 23
12 18
24 16
35 8
8 32
16 27
17 8
20 30
10 41
25 18
22 6
34 6
18 7
25 9
8 41
26 18
33 9
27 1
15 17
21 9
16 36
21 21
21 36
16 30
24 27
20 5
35 34
36 18
7 41
21 40
25 7
1 23
23 36
39 37
11 29
31 16
24 32
18 15
10 27
14 3
18 40
13 41
37 21
11 20
39 32
5 7
17 24
38 21
23 10
8 34
10 21
10 30
26 1
25 40
23 17
33 36
22 20
22 39
22 38
34 9
24 36
13 15
25 15
18 5
2 10
1 22
26 25
25 20
22 29
12 19
7 7
38 41
13 21
7 40
4 17
26 23
21 39
11 33
15 29
39 1
16 20
27 9
28 12
30 10
2 22
8 29
26 30
38 13
23 18
8 22
15 38
4 12
6 4
9 7
9 14
14 36
37 35
35 6
33 20
28 13
21 20
35 17
23 40
13 36
12 30
15 33
31 27
15 41
7 31
35 20
7 34
33 28
20 36
12 26
23 32
4 21
29 40
6 39
11 26
33 35
2 9
20 37
23 7
40 2
22 23
27 31
26 16
16 21
41 33
29 5
31 33
41 7
17 33
40 4
22 15
26 9
29 26
29 32
37 18
33 30
28 31
14 19
20 19
12 41
14 39
25 37
13 19
34 27
37 2
40 32
7 18
22 35
26 26
41 16
30 40
15 26
18 22
2 11
4 18
17 41
10 4
29 8
27 3
39 18
13 7
33 24
28 23
40 13
41 1
2 24
9 27
37 16
1 17
25 5
34 7
19 34
25 32
31 22
9 6
33 17
41 12
32 27
33 31
23 11
38 31
32 38
38 37
12 21
38 7
39 31
37 38
21 28
16 13
34 32
30 14
5 25
33 25
27 18
13 6
5 29
13 5
37 20
26 10
36 4
5 2
36 23
40 20
12 37
12 36
20 39
8 6
6 28
12 17
14 2
15 15
7 15
39 39
32 41
38 10
31 35
6 20
20 8
19 28
30 29
39 21
35 32
32 16
33 5
6 26
30 12
41 31
33 19
18 11
25 27
1 29
13 23
4 10
39 30
36 16
10 40
19 38
34 17
32 23
2 39
7 26
5 22
9 28
40 7
24 14
21 25
31 13
12 16
35 30
16 18
21 11
27 21
4 26
16 32
9 10
13 2
24 3
9 36
1 38
22 8
33 13
30 37
25 19
1 9
32 3
29 39
34 39
16 25
34 21
34 5
1 27
13 17
41 35
27 33
19 4
5 1
6 37
19 16
29 11
36 20
12 11
17 6
16 22
2 18
38 20
1 34
5 4
35 16
29 25
7 8
6 35
36 2
37 14
2 13
28 40
18 21
32 30
35 3
16 38
6 7
25 41
17 39
17 18
23 35
10 26
1 4
34 28
35 7
2 4
12 32
40 14
36 29
23 4
30 38
14 23
41 39
32 35
19 5
35 2
26 31
28 5
10 9
16 14
21 30
14 16
5 21
12 28
22 1
16 28
26 2
33 38
24 10
8 2
32 17
35 18
31 28
41 25
35 28
17 1
9 38
18 34
25 14
5 15
25 39
24 11
39 14
34 38
40 40
19 13
16 24
39 38
34 4
17 14
39 25
5 8
28 2
6 6
1 7
16 11
4 8
32 7
12 29
40 21
16 7
21 22
2 30
9 31
3 26
30 24
5 18
41 32
40 1
29 21
25 30
19 26
6 5
37 9
32 22
8 13
27 39
40 28
12 23
6 19
37 30
36 10
22 34
38 11
12 10
7 32
39 10
16 17
24 15
4 37
4 29
18 2
22 31
19 3
34 1
30 18
11 2
22 41
11 37
10 33
6 18
40 22
22 3
17 37
34 41
4 14
8 18
18 9
14 34
34 24
35 1
34 3
15 6
2 36
23 19
41 23
30 22
31 8
29 7
25 38
16 15
2 37
17 30
7 10
26 40
36 27
39 26
3 39
29 23
40 27
20 17
15 30
10 35
12 40
31 31
14 10
34 16
27 6
37 6
26 20
25 4
15 22
29 35
9 4
3 35
2 33
18 29
3 25
25 29
18 17
26 24
28 37
12 27
31 7
10 19
22 21
29 24
9 26
17 13
34 37
6 29
7 25
4 34
21 33
2 5
3 4
27 8
41 40
10 12
41 27
19 12
20 26
32 8
30 35
14 22
3 1
30 2
29 22
27 19
19 36
3 19
6 10
8 17
29 17
8 26
38 35
35 35
17 22
26 17
36 7
13 10
7 1
36 17
28 9
18 25
15 34
13 29
19 10
26 29
9 17
9 15
40 8
40 3
28 26
21 4
28 11
11 34
29 38
21 13
11 24
12 20
5 31
9 30
33 12
15 12
40 31
19 11
7 20
2 32
27 7
22 18
8 7
37 4
6 1
27 5
15 2
10 20
14 30
5 3
10 25
10 3
41 34
40 30
17 36
40 26
21 37
40 35
17 16
11 11
29 6
22 28
6 15
33 1
6 12
22 9
18 8
16 34
14 41
11 1
24 21
31 19
25 21
9 40
40 18
12 24
16 29
40 29
23 38
9 11
21 24
28 27
21 23
39 9
25 11
26 21
7 36
17 5
3 20
13 28
3 38
33 33
20 27
34 15
28 3
40 36
27 15
10 31
11 10
27 37
16 40
5 9
19 1
36 11
18 24
41 22
10 22
28 20
1 28
38 14
19 21
36 33
4 2
2 8
7 27
20 20
41 13
2 12
22 24
27 14
33 14
24 12
1 5
38 26
32 15
26 28
21 31
24 19
32 32
34 23
41 11
18 13
27 38
13 27
20 31
39 27
3 8
31 25
37 27
35 10
24 40
7 14
4 28
39 12
7 3
1 3
16 6
4 41
18 30
15 21
35 11
13 14
7 39
22 30
22 36
15 3
15 20
3 30
25 10
24 8
22 13
34 11
11 36
26 22
32 1
6 40
9 41
38 6
23 28
25 36
11 39
1 8
19 27
23 16
32 33
39 5
14 26
21 38
17 27
4 25
11 31
30 7
1 19
37 33
12 25
32 24
6 30
29 13
26 32
30 3
14 24
19 41
37 37
2 31
10 37
11 4
38 39
30 39
21 16
26 33
11 30
12 7
11 38
21 1
30 27
33 6
33 29
9 20
33 22
31 36
38 22
25 25
3 6
20 40
41 9
10 1
11 18
24 4
26 37
12 22
29 18
1 21
35 26
17 29
20 24
41 36
22 32
13 16
41 19
12 4
32 28
38 23
28 30
9 5
1 24
27 17
33 3
25 12
8 14
39 20
17 15
26 19
4 36
41 10
23 20
39 13
2 40
40 17
31 29
23 15
28 18
31 34
2 15
32 4
9 13
12 35
14 31
23 9
37 32
11 9
30 4
23 37
13 33
28 35
11 6
1 36
1 31
2 16
38 5
20 28
30 11
31 21
37 5
6 38
31 30
37 23
3 27
1 11
30 6
29 33
30 33
23 26
1 6
14 15
3 7
21 41
25 35
1 30
24 6
24 39
41 26
31 17
36 5
21 14
32 39
8 30
6 9
32 12
26 39
15 1
36 19
9 8
3 29
39 8
28 8
6 16
22 14
19 37
17 7
23 31
15 5
41 3
13 31
20 22
6 24
25 31
35 22
24 33
38 32
7 38
41 6
33 18
29 31
18 35
23 2
32 14
32 25
34 19
38 9
6 13
30 1
27 24
17 23
4 39
10 13
25 33
12 12
37 13
3 41
31 23
12 5
40 38
20 3
38 28
27 36
8 28
31 4
31 3
17 26
15 36
22 2
15 8
20 33
34 12
18 27
19 24
39 28
37 8
25 28
24 17
19 15
12 39
14 37
27 27
10 18
19 22
16 19
40 25
26 13
20 2
18 12
25 6
31 11
38 2
9 39
2 29
10 7
31 1
5 10
2 28
25 16
24 26
27 26
8 20
17 34
13 3
24 24
30 41
32 34
2 25
5 20
3 32
27 30
29 9
39 19
5 5
11 27
11 21
35 15
11 12
2 14
26 41
33 21
33 10
4 3
35 21
8 19
26 6
27 10
35 40
6 27
21 26
6 41
41 18
1 41
37 34
24 5
8 16
16 33
18 37
41 24
24 30
13 24
36 14
3 37
40 9
33 32
34 2
14 4
5 23
20 4
32 26
17 11
20 21
1 33
24 1
1 32
9 3
20 25
32 11
41 15
39 35
40 19
18 31
35 5
25 1
39 41
21 19
33 27
35 19
38 30
34 29
9 18
35 9
25 2
34 26
39 33
17 40
16 1
6 14
28 10
23 23
41 8
14 20
5 6
18 20
28 14
12 8
35 39
39 15
35 23
32 29
7 5
5 36
25 8
30 8
12 9
16 31
7 33
19 35
23 30
7 35
24 31
16 9
23 5
27 20
40 12
27 32
37 26
26 34
9 1
37 29
31 20
31 14
13 38
8 27
16 37
13 40
4 9
24 23
13 30
28 36
14 7
10 8
20 15
35 27
25 24
36 8
6 36
37 11
27 22
4 13
25 22
26 36
38 19
2 7
40 34
7 6
15 13
24 38
39 4
18 6
11 28
41 17
18 18
19 14
37 36
34 8
29 1
37 10
16 2
20 38
3 24
5 24
24 25
27 40
1 1
10 38
3 33
5 41
40 16
7 12
4 15
36 34
17 17
8 8
39 34
13 32
2 26
15 40
17 9
13 1
6 2
34 25
2 38
30 16
14 29
33 4
16 39
8 15
24 18
37 39
14 38
16 4
34 22
1 2
15 31
29 14
30 25
9 24
38 18
11 8
37 19
33 37
41 37
31 39
41 29
22 33
22 17
15 7
18 19
39 17
14 40
4 23
38 8
14 11
4 31
23 12
38 25
33 23
41 21
3 21
32 13
19 25
4 1
4 7
3 28
27 25
13 11
6 34
10 28
23 27
15 16
31 2
12 1
14 8
19 30
36 22
10 39
19 33
37 25
22 19
4 4
19 9
2 34
8 10
8 37
23 25
14 5
13 39
40 41
29 29
35 14
21 34
35 31
6 8
11 19
23 22
8 21
20 41
15 14
37 24
23 6
7 22
36 1
5 14
9 32
19 18
38 17
7 21
5 28
4 24
31 40
36 9
33 39
8 31
33 40
30 20
13 35
14 9
32 36
31 37
5 19
15 10
28 22
28 28
17 31
30 5
26 35
11 14
24 29
9 34
28 17
11 22
32 18
41 41
36 25
28 34
9 21
23 13
9 16
32 10
39 29
28 41
15 35
33 34
38 16
1 12
12 2
6 11
4 16
32 31
1 35
13 12
26 14
31 41
24 37
17 25
39 23
28 1
20 18
29 36
30 23
4 22
27 23
31 9
24 22
28 39
40 37
36 28
21 35
10 36
36 38
18 36
22 27
18 26
2 35
2 3
38 3
3 11
24 28
17 32
3 23
33 26
3 18
10 34
41 14
18 39
28 24
7 23
26 5
10 14
9 37
20 1
7 17
14 17
37 31
12 14
2 17
11 41
28 21
35 29
29 15
3 13
34 18
19 23
21 7
21 27
26 12
14 21
6 32
30 19
3 16
24 9
3 36
7 24
36 12
7 2
5 35
30 26
20 35
13 8
18 10
25 26
31 38
5 16
8 3
23 33
36 39
12 13
34 34
3 9
10 17
36 13
34 13
22 22
37 17
14 27
19 32
